000000000001111111111111111111111111100000011111001111111111111100111111000000001111111100011111111111111110000000000
000000000001111111111111111111111111111111111111111111111111111111111111111111111111111111111111111111111111000000000
000000000111111111111111111111111111111111111111111111111111111111111111111111111111111111111111111111111111100000000
000000001111111111111111111111111111111111111111111111111111111111111111111111111111111111111111111111111111110000000
000000001111111111111111111111111111111111111111111111111111111111111111111111111111111111111111111111111111111000000
000000111111111111111111111111111111111111111111111111111111111111111111111111111111111111111111111111111111111100000
000001111111111111111111111111111111111111111111111111111111111111111111111111111111111111111111111111111111111110000
000011111111111111111101111111111111111111111111111111111111111111111111111111111111111111111111111111111111111111000
000001111111111111111010011111111111111111111111111111111111111111111111111111111000000111111111111111111111111111000
000001111111111111111011101111111111111111111111111111111111111111111111111111100111111000111111111111111111111111000
000001111111111111111011110111111111111111111111111111111111111111111111111100011111111111011111111111111111111111000
000001111111111111111011111011111111111111111111100111111111111111111111110011111111111111011111111111111111111111000
000001111111111111111011111101111111111111111111011001111111111111111111001111111111111111101111111111111111111111000
000001111111111111111011111110111111111111111110111101111111111111111100111111110000001111101111111111111111111110000
000001111111111111111111111110111111111111111100111110111111111111110011111111000000001001110111111111111111111110000
000001111111111111111111111111011111111111111101111110111111111111001111110000000111111110110111111111111111111110000
000000111111111111111101111111011111111111111011111111011111111110011111100000011100001110010111111111111111111110000
000000111111111111111101111111101111111111111011111111011111111001111111101001000111110011010111111111111111111110000
000000111111111111111101111111101111111111110111111111011111100111100001100000111111111100110111111111111111111110000
000000111111111111111101111111110111111111111110000001101111001100000111101111111111111111000111111111111111111110000
000000111111111111111101111111110111111111101100100111101110111000011111101111111111111111111111111111111111111100000
000000111111111111111101111111110111111111101000000111101101100001001011101111111111111111111111111111111111111100000
000000111111111111111110111111111011111111011000000111111101000100111011101111111111111111111111111111111111111100000
000000011111111111111111011111111011111111110010010111111101111011111011101111111111111111111111111111111111111100000
000000011111111111111111011111111111111110100101110110111101100111111011101111111111111111111111111111111111111100000
000000011111111111111111101111111101111110101011110110110100011111111011101111100000011111111111111111111111111100000
000000011111111111111111110111111101111101010111110110110110111111111111101100011111100111111111111111111111111100000
000000011111111111111111111011111110111101001111111110110111111111110111101111111111111011111111111111111111111100000
000000011111111111111111111011111110111010011111111110110111111111100111111111111111111101111111111111111111111000000
000000011111111111111111111101111111111001111111101110110111111000111111110000000000001101111111111111111111111000000
000000011111111111111111111110111111011011111111101110110111000011111111100000000011100001111111111111111111111000000
000000001111111111111111111111011111000111111111101110110110111111111111101001111000111010111111111111111111111000000
000000001111111111111111111111001111101111111111101110110110111111111111100000000111000010111111111111111111111000000
000000001111111111111111111111101111110111111111101110110111100000000111101111111111111111111111111111111111111000000
000000001111111111111111111111110111110011111111101110110111111111110111101111111111111111111111111111111111111000000
000000001111111111111111111111111011111011111111101110110111111111110111101111111111111111111111111111111111111000000
000000001111111111111111111111111101111101111111101111110111111111110111101111111111111111111111111111111111110000000
000000001111111111111111111111111110110100111111101111010111111111110111101111111111111111111111111111111111110000000
000000001111111111111111111111111111110010111111101111010111111111110111101111000000011111111111111111111111110000000
000000000111111111111111111111100000011011011111101111010111111111110111101111111111110011111111111111111111110000000
000000000111111111111111111100011100001111001111101111010111111110000111111111111111111101111111111111111111110000000
000000000111111111111111110011101001110110101111101111010100000011111111111000000011111101111111111111111111110000000
000000000111111111111111001111000011111010110111001111010011111111111111110000000011110100111111111111111111110000000
000000000111111111111110111100000111111101110111001111010011110000011111100001111000110010111111111111111111110000000
000000000111111111111101110000001111111110101011001111010101110000011111100000000011011010111111111111111111100000000
000000000111111111111011100010011111111110011101011111010110011111100111101111111111101101111111111111111111100000000
000000000011111111111011100000111111111111000001011111010111000000010111101111111111110011011111111111111111100000000
000000000011111111110011000101111111111111100010011111010111111111110111101111111111111100011111111111111111100000000
000000000011111111110111001011111000111111110010011111010111111111110111101111111111111110011111111111111111100000000
000000000011111111110111001011110111000011111000011111010111111111110111101111000011111111111111111111111111100000000
000000000011111111111011010111110111111100000001111111010111111111110111101100111101111111111111111111111111100000000
000000000011111111111011010111101111111111111111111111010111000000000011101111111110111111111111111111111111100000000
000000000011111111111101011111011111111111111111111111010110111111111111111111111111011111111111111111111111000000000
000000000001111111111100101111011100000000000000001111010101111111111111111111111111011111111111111111111111000000000
000000000001111111111110001110111000011111111111111111010101111111111111111111111111011111111000000111111111000000000
000000000001111111111111101110111000000000000000011111010101110000000000000000000001101110001111111011111111000000000
000000000001111111111111111101110000111111111111011111010110111000000000000000000000101001111111110111111111000000000
000000000001111111111111111101110010111111111111011111010110011111111111111111111000100111110000101111111111000000000
000000000001111111111111111111110010111111111111011111010111100000000000000000000001011111100001011111111111000000000
000000000001111111111111111011110010111111111111011111010111111111111111111111111100111111000010111111111111000000000
000000000001111111111111111011110010111111111111011111010111111111111111111111111001111100000101111111111110000000000
000000000001111111111111110111110010111111111111011111010111111111111111111111110011111100001011111111111110000000000
000000000001111111111111110111110100111111100000011111010111100011111111111111100111111000010111111111111110000000000
000000000000111111111111111111110100000001111111111111010111011100111111111111001111100000001111111111111110000000000
000000000000111111111111101111110011111111111111111111010111111110011111111110011111100001011111111111111110000000000
000000000000111111111111101111110000111111110000111111010111111111011111111101111111010000111111111111111110000000000
000000000000111111111111101111100000011111111111111111010111011111101111111011111110000001111111111111111110000000000
000000000000111111111111011111100101100000000000111111010111011111111111110111111100000011111111111111111100000000000
000000000000011111111111011111100101111111111110111111010111011111110111101111110010000111111111111111111100000000000
000000000000011111111111011111101101111111111110111110010111101110110111011111110000101111111111111111111100000000000
000000000000011111111111111111101101111111111110111110010111110111010110111111100001011111111111111111111100000000000
000000000000011111111111111111101101111111111110111110010111111011000001111111000000111111111111111111111100000000000
000000000000011111111110111111101111111111111110111110110111111101000011111110000101111111111111111111111100000000000
000000000000011111111110111111101111111111111110111110110111111100111111111100001011111111111111111111111100000000000
000000000000011111111110111111101111111111111110111110110111111111001111111000010111111111111111111111111000000000000
000000000000011111111110111111101100000000000000111111111011111111001111110000101111111111111111111111111000000000000
000000000000011111111110111111111111111111111111111111111011111111011111100101011111111111111111111111111000000000000
000000000000001111111110111111111111111111111111100000111101111110111111001010111111111111111111111111111000000000000
000000000000001111111111111111111111111110000000000000001101111110111111000101111111111111111111111111111000000000000
000000000000001111111111011111111110000000000111111111110110111110111111001011111111111111111111111111111000000000000
000000000000001111111111011111110000000001111111100000111011011110111110001011111111111111111111111111111000000000000
000000000000001111111111001100000000111000000011111111000101011110111110010111111111111111111111111111111000000000000
000000000000001111111111101111000111000011111111111111110011101111011110010111111111111111111111111111110000000000000
000000000000001111111111110011100000111111111111111111111100101111001110110111111111111111111111111111110000000000000
000000000000000111111111111100001111111111111111111111111111001111100110110111111111111111111111111111110000000000000
000000000000000111111111111111111111111111111111111111111111111111110011010111111111111111111111111111110000000000000
000000000000000111111111111111111111111111111111111111111111111111111001000111111111111111111111111111110000000000000
000000000000000111111111111111111111111111111111111111111111111111111100100011111111111111111111111111110000000000000
000000000000000111111111111111111111111111111111111111111111111111111110000011111111111111111111111111110000000000000
000000000000000111111111111111111111111111111111111111111111111111111111100111111111111111111111111111100000000000000
000000000000000111111111111111111111111111111111111111111111111111111111110011111111111111111111111111100000000000000
000000000000000011111111111111111111111111111111111111111111111111111111111111111111111111111111111111100000000000000
000000000000000011111111111111111111111111111111111111111111111111111111111111111111111111111111111111100000000000000
000000000000000001111111111111111111111111111111111111111111111111111111111111111111111111111111111111000000000000000
000000000000000000000111111111111111111111111111111111111111111111111111111111111111111111111111110000000000000000000
000000000000000000000000111111111111111111111111111111111111111111111111111111111111111111111100000000000000000000000
000000000000000000000000000111111111111111111111111111111111111111111111111111111111111111100000000000000000000000000
000000000000000000000000000000111111111111111111111111111111111111111111111111111111111110000000000000000000000000000
000000000000000000000000000000000011111111111111111111111111111111111111111111111111100000000000000000000000000000000
000000000000000000000000000000000000011111111111111111111111111111111111111111111000000000000000000000000000000000000
000000000000000000000000000000000000000001111111111111111111111111111111111110000000000000000000000000000000000000000
000000000000000000000000000000000000000000001111111111111111111111111111111000000000000000000000000000000000000000000
000000000000000000000000000000000000000000000000111111111111111111111110000000000000000000000000000000000000000000000
000000000000000000000000000000000000000000000000000011111111111111100000000000000000000000000000000000000000000000000
000000000000000000000000000000000000000000000000000000011111111100000000000000000000000000000000000000000000000000000
