000000000000000000000000000000000000000000000001000000000000000000001111000000000000000000000000000000000000000000000
000000000000000000000000000000000000000000001111000000000000000000000111111000000000000000000000000000000000000000000
000000000000000000000000000000000000000011111110000000000000000000000011111111000000000000000000000000000000000000000
000000000000000000000000000000000000111111111110000000000000000000000011111111111100000000000000000000000000000000000
000000000000000000000000000000000111111111111111000000000000000000000111111111111111100000000000000000000000000000000
000000000000000000000000000000111111111111111111111111111111111111100111111111111111111110000000000000000000000000000
000000000000000000000000000111111111111111111111111111111111111111111111111111111111111111110000000000000000000000000
000000000000000000000001111111111111111111111111111111111111111111111111111111111111111111111110000000000000000000000
000000000000000000011111111111111111111111011111111111111111111111111111111111111111111111111111111000000000000000000
000000000000000011111111111111111111111111010111111111111111111111111111111111111111111111111111111111000000000000000
000000000000000011111111111111111111111111011011111111111111111111111111111111111111111111111111111111100000000000000
000000000000000011111111111111111111111111101101111111111111111111111111111111111111111111111111111111100000000000000
000000000000000011111111111111111111111111101110111111111111111111111111111111111111111111111111111111100000000000000
000000000000000111111111111111111111111111101111011111111111111111111111111111111111111111111111111111100000000000000
000000000000000111111111111111111111111111101111101111110111111111111111111111111111111111111111111111100000000000000
000000000000000111111111111111111111111111111111110111110101111111111111111111111110001111001111111111100000000000000
000000000000000111111111111111111111111111101111111011110110011111111111111111110001111111100111111111100000000000000
000000000000000111111111111111111111111111101111111101111011100111111111111000001111111111110111111111100000000000000
000000000000000111111111111111111111111111001111111101111011111000000000000111111111111111111011111111100000000000000
000000000000000111111111111111111111111111011111100101111101111111111111111111111111111111111011111111110000000000000
000000000000000111111111111111111111111110111111100101111101111111111101111111111111111111111011111111110000000000000
000000000000000111111111111111111111111100111111000101111110111111110000000000000000001111111111111111110000000000000
000000000000001111111111111111111111111001111111000111111110111111110000011111111111111111101101111111110000000000000
000000000000001111111111111111111111111011111111001011111111011111110000000000000000111111101101111111110000000000000
000000000000001111111111111111111111110111111100000011111111101111110001111111111111011111101101111111110000000000000
000000000000001111111111111111111111101111111000101001111111101111110101111111111111111111101101111111111000000000000
000000000000001111111111111111111111011111110000001100111111101111110101111111111111111111101101111111111000000000000
000000000000001111111111111111111110111111100001001110011111101111110101111111111111111111101101111111111000000000000
000000000000011111111111111111111101111111000000101111001111101111110101111111111111111111001111111111111000000000000
000000000000011111111111111111111011111110000001101111100111101111110101111111111110111111001011111111111000000000000
000000000000011111111111111111110111111100001011101111110111101111110101111111111110111111001011111111111000000000000
000000000000011111111111111111101111111000000111101111111011101111110101111111111110111111001011111111111000000000000
000000000000011111111111111111011111110000001111111111111011101111110100000000000110111111001011111111111000000000000
000000000000011111111111111110111111101000011111110111111011101111111111111111110010111110010111111111111000000000000
000000000000011111111111111100111111000000111111111011001111101111111011111000001101111110010111111111111100000000000
000000000000111111111111111001111110000001111111111001101111101111100000000111111011111100010111111111111100000000000
000000000000111111111111110011111100000011111111111100111011101111000011111110000000111100111111111111111100000000000
000000000000111111111111100111111000000111111111111110000111101111000000000011111110111100101111111111111100000000000
000000000000111111111111001111100000001111111111111111111111101111001011111111111111111000101111111111111100000000000
000000000000111111111110011111000000011111111111111111111111101111001011111111111101111001011111111111111100000000000
000000000000111111111100111100000000111111111111111111111111101111001011111111111101110001011111111111111100000000000
000000000000111111111001110000000001110000000000111111111111101111001011111111111101110001011111111111111110000000000
000000000000111111110011100000010000000000000000000000000011101111001011111111111101110010111111111111111110000000000
000000000000111111101111000111000011111111111111111111111101101111001011111111111101100010111111111111111110000000000
000000000001111111001111111000110111111111111111111111111110101111001000000000000011100101111111111111111110000000000
000000000001111111000000000111111011111111111110000111100110101111111111111111111111000101110011111111111110000000000
000000000001111111111111111111111011111111111100000000000010101111111111111111111111001011110101111111111110000000000
000000000001111111111111111111111011110000011100101111111100101111111000000000011110001011111110111111111110000000000
000000000001111111111111111111111101100000011100000111110001101111100000000000000000000111101111011111111110000000000
000000000001111111111111111111111100111111111100001111111111101111000110011111111100010111101111011111111111000000000
000000000001111111111111111111111110111000111101101111111111101111000000000000011111101111101111001111111111000000000
000000000001111111111111111111111111100111111101101111111111101111000000011111110000001111011101101111111111000000000
000000000011111111111111111001111111111111111111101111111111101111000000101111111110011110011001101111111111000000000
000000000011111111111111111010011111111111111111101111111111101111001000110111111111111110111001001111111111000000000
000000000011111111111111111011001111111111111111100000000011101111001010111011111111111101110101011111111111000000000
000000000011111111111111111111110111111110111111111111111100101111001010011101111111111011100001011111111111000000000
000000000011111111111111111101111001000000111111111111111110101111010011011100111111110011000010111111111111000000000
000000000011111111111111111101111111111111111111000000000001001111010111101110111111100100001001111111111111100000000
000000000011111111111111111101111111111111111110000000111101001111010111101111011111001100110011111111111111100000000
000000000011111111111111111110111100000000011100001110000000001111010111110111101110111110001111111111111111100000000
000000000111111111111111111110111100000000111100000000111111101111010111110011110001111000111111111111111111100000000
000000000111111111111111111111000111111100111100101111111111101111010111111011111000000111111111111111111111100000000
000000000111111111111111111111110000000000111100101111111111101111010111111101111101111111111111111111111111100000000
000000000111111111111111111111111111111111111100101111111111101110010111111100111101111111111111111111111111100000000
000000000111111111111111111111111111111111111100101111111111101110010111111110111110111111111111111111111111110000000
000000000111111111111111111111111111111111111100101111111111101110110111111111011111011111111111111111111111110000000
000000000111111111111111111111111111111111111111101111111111101110110111111111011111001111111111111111111111110000000
000000001111111111111111111111111111111111111111101100001111101110110111111111101111101111111111111111111111110000000
000000001111111111111111111100001111111100111111100000000001101110110111111111111111110111111111111111111111110000000
000000001111111111111111111101110000000111111111111110001101101110110111111111110111111011111111111111111111110000000
000000001111111111111111111100111111111111111110000000000011101110110111111111001011111101111111111111111111110000000
000000001111111111111111111110111111111111111100100100001111101110111111111110011011111100111111111111111111110000000
000000001111111111111111111110111111110000011100000000111111101110111111111101011101111110111111111111111111111000000
000000001111111111111111111111011100000000011100001111111111101110111111111011011101111111011111111111111111111000000
000000001111111111111111111111001111001111111100101111111111101100101111110110111100111111101111111111111111111000000
000000011111111111111111111111100010000000111101101111111100101100101111101110111110111111110111111111111111111000000
000000011111111111111111111111111100001111111101001111110010101100101110011101111110111111110111111111111111111000000
000000011111111111111111111111111111111111111101001111101110101100101100111101111110111111111011111111111111111000000
000000011111111111111111111111111111111111111101001110011110111100101001101011111111011111111001111111111111111000000
000000011111111111111111111111111111111111111101011001110010111100100111001011111111011111111101111111111111111100000
000000011111111111111111111111111111111111111101000011100000110111101111000111111111101111111110111111111111111100000
000000011111111111111111111111111111111111111101111110000001110111111100010111111111101111111110111111111111111100000
000000111111111111111111100011111111111111111111111100010011110111111100010111111111101111110010111111111111111100000
000000111111111111111111101100011111111100111111100000100111110011111000101111111111110111110010111111111111111100000
000000111111111111111111101111001111100011111110000000011111111011110000001111111111110111110010111111111111111100000
000000111111111111111111101111110000111111111000000000111111111011110001011111111111110011111110111111111111111100000
000000111111111111111111101111111111111111100100010011111111111101110000111111111111111011111111111111111111111100000
000000111111111111111111101111111111111110000001001111111111111101100010111111111111111101111011111111111111111110000
000000111111111111111111111111111111111000000100011111111111111110110101111111111111111101111011011111111111111110000
000000111111111111111111110111111111000010010001111111111111111110011011111111111111111110111011011111111111111110000
000001111111111111111111110111000110000001100111111111111111111111000111111111111111111110011011011111111111111110000
000001111111111111111111111011110000001100011111111111111111111111111111111111111111111111001101011111111111111110000
000001111111111111111111111101111111100001111111111111111111111111111111111111111111111111100101011111111111111110000
000001111111111111111111111110000000001111111111111111111111111111111111111111111111111111111001011111111111111110000
000001111111111111111111111111110001111111111111111111111111111111111111111111111111111111111100011111111111111110000
000001111111111111111111111111111111111111111111111111111111111111111111111111111111111111111111111111111111111111000
000001111111111111111111111111111111111111111111111111111111111111111111111111111111111111111111111111111111111111000
000011111111111111111111111111111111111111111111111111111111111111111111111111111111111111111111111111111111111111000
000011111111111111111111111111111111111111111111111111111111111111111111111111111111111111111111111111111111111111000
000011111111111111111111111111111111111111111111111111111111111111111111111111111111111111111111111111111111111111000
