011111111111111111111111111111111111111111111111100000000000000000011101111111111111111111111111111111111111111111111
011111111111111111111111111111111111111111111111111000000000000000011111111111111111111111111111111111111111111111111
011111111111111111111111111111111111111111111111100000000000000000001111111111111111111111111111111111111111111111111
011111111111111111111111111111111111111111111111100000000000000000000011111111111111111111111111111111111111111111111
011111111111111111111111111111111111111111111111000000000000000000000011111111111111111111111111111111111111111111111
011111111111111111111111111111111111111111111111000000000000000000000011111111111111111111111111111111111111111111111
011111111111111111111111111111111111111111111111000000000000000000000001111111111111111111111111111111111111111111111
011111111111111111111111111100000000111111111111000000000000000000000011111111111111111111111111111111111111111111111
001111111111111111111000000011111111000001111111000000000000000000000011111111111111111111111111111111111111111111111
001111111111111111101111111111111111111111001111000000000000000000000011111111111111111111111111111100011101111111111
001111111111111110011111111111111111111111110111000000000000000000000011111111111111111111111111110011111011111111111
001111111111111101111111111111111111111111111000000000000000000000000111111111111111111111111111001110010111111111111
001111111111111101111111111111111111111111111100011111111111111111111111111111111111111111111100111000001111111111111
001111111111111011111111111111111111111111111110011111111111111111111111111111111111111111111011100000111111111111110
001111111111111011111111111111111111111111111111011111111111111111111111111111111111111111100111100001111111111111110
001111111111111111111111111111111111111111111111101111111111111111111111111111111111111111001110001011111111111111110
000111111111111111111111111111111111111111111111101111111111111111111111111111111111111110111100010111111111111111110
000111111111111111111111111110000000000001111111101111111111110001111111111111111111111101111000101111111111111111110
000111111111111011111111100000000000000000001111110111111111110110011111111111111111111011110001011111111111111111110
000111111111111011111000000011111111111111111111110111111111101111100111111111111111110111100000111111111111111111110
000111111111111011111010001111000000000001111111111111111111111111110011111111111111101111100010111111111111111111110
000111111111111101111000000001111111111110011111111011111111011111111011111111111111011111010101111111111111111111100
000111111111111101111000011111111111111111101111011011111111011111111101111111111111011110001011111111111111111111100
000111111111111101111011011111111111111111110111011011111111011111111110111111111110111110001011111111111111111111100
000011111111111110111011011111111111111111111011111011111111011111111110111111111101111100010111111111111111111111100
000011111111111110111111101111111001101111111011101011111111011110000011011111111101111100001111111111111111111111100
000011111111111111011111101111110111110111111101101011111111011110000001111111111101111000101111111111111111111111100
000011111111111111001111101111110111111011111101101101111111011110000111101111111011111001011111111111111111111111100
000011111111111111101110101111111111111011111101111101111111011110000010001111111011110001011111111111111111111111100
000011111111111111110110111111110111111101111111111101111111111110010101010111111111110010111111111111111111111111000
000011111111111111110111110111110111111101111110100101111110111110110110000111110111110010111111111111111111111111000
000001111111111111110111110111110111111110111110100101111110111110110111010111110111100110111111111111111111111111000
000001111111111111110110010111111011111110111110111101111110111110110111100011110111100101111111111111111111111111000
000001111111111111111110010111111101111110111110111101111110111110110111110011101111100101111111111111111111111111000
000001111111111111111010010111111101111011011110111101111110111110110111111111101111100101111111111111111111111111000
000001111111111111111011110111111110111011011110111111111110111110110111111111101111101011111111111111111111111111000
000001111111111111111011110111111111011111011110110111111110111110110111111111101111101011111111111111111111111110000
000001111111111111111101010111111111101101101110110111111110111110110111111111011111101000001110001111111111111110000
000000111111111111111101010111111111110111101110110110111110111110110111111111011111101111111111110011111111111110000
000000111111111111111101010111111111110111101110110110111110111110110111111111011111111111111111111001111111111110000
000000111111111111111101010111111111101110101110110110111110111110110111111111011111111111111111111110111111111110000
000000111111111111111110110111111111011100101110110110111110111110110111111111011111111111111111111110111111111110000
000000111111111111111110100111111110111100101110110110111110111110110111111110011111111111111111111111011111111110000
000000111111111111111110100111111101111001011110110110111110111110110111111001111111111000000000000001111111111100000
000000111111111111111111000111111001111001011110110110111110111110110111110011111111100000000011111000101111111100000
000000000000011111111111000111111011111001011110111110111110111110110111011111111110001001111000000111101000100000000
000000000000011111111111101111111011111001011110111110111110111110110100111111111110000110000111110000010000000000000
000000000000011111111111101111111011111010011110111110111110111110110011111111111100000011111111111111110000000000000
000000000000011111111111111111111011111010111110111110111110111111111111111111111000100111111111111111111000000000000
000000000000011111111111111111111001111010111110111010111110111111111111111111111000111111111111111111111000000000000
000000000000011111111111111111111100111010111110111010111110111111111111100000011001011111111111111111111000000000000
000000000000011111111111111111111110111010111110111010111100111111111110000001111001011111111111111111111000000000000
000000000000011111111111111111111111011000111110111010110011111111111000000101111001011111111111111111111000000000000
000000000000011111111111111111111111101101011110111010001111111111100000010001111001011111111111111111111000000000000
000000000000011111111111111111111111110101011110011011011111111111000000100101111001011111111111111111111000000000000
000000000000011111111111111111111111111000011111011111111111111110000010011101111011011111111111111111111000000000000
000000000000011111111111111111111111111111111111011111111111111110000001111101111011011111111111111111111000000000000
000000000000011111111111111111111111111111111111011111111111111110010111111101111010011111111111111111111000000000000
000000000000011111111111111111110000000000011111011111110000111110001111111101111010011111111111111111111000000000000
000000000000011111111111000000001111111111100111011111000000111110101111111001111010011000000001111111111000000000000
000000000000011111111100011111111111111111111001011110010011111110101111111001111010000111111100111111111000000000000
000000000000011111111001111111111111000001111110011100000001111110101111111011111011111111111111011111111000000000000
000000000000011111111011111111111000000000001110011100010101111110101111111011111111111111111111101111111000000000000
000000000000011111111011111111000100011111111111001111001101111110101111111011111111111111111111100111111000000000000
000000000000011111111011111100000011100001111111100000111111111110101111111011111111111000000000110111111000000000000
000000000000011111111011111000001000011110011111101111111110111110100111111011111111100000011110011111111000000000000
000000000000011111111011111000000111111111101111110111111110111110110111111011111110000001111111001011111000000000000
000000000110111111111101111001011111111111100111110111111110111111110111111001100000000100000000111011111101100000000
000000000111111111111101111010111111111111110111110111111110111111111111111101110001110001111111001011111111100000000
000000000011111111111101111010111111111111110111111011111110111111111011111110011110001111111111110011111111100000000
000000000011111111111110111010111111111111110111111011111110111111111011111111000001111111111111111111111111100000000
000000000011111111111111011010111111111111110111011011111111001111001101111111111111111111111111111111111111100000000
000000000011111111111111011000111111111111110111111011111111110111100101111111111111111111111111111111111111100000000
000000000011111111111111101000111111111110000111101011111111111000110011111111111111111111111111111111111111000000000
000000000011111111111111110000111111111000111111101011111111111110001010111111111111111111111111111111111111000000000
000000000011111111111111111000111111101111111111101101111111111111100000111100000001111111111111111111111111000000000
000000000001111111111111111000111111011111111111101101111111111111111000100001111000011111111111111111111111000000000
000000000001111111111111111100111110111110000011111101111111111111111100011111111111101111111111111111111111000000000
000000000001111111111111111100111101111100000111100101111111111111110001111111111111110111111111111111111111000000000
000000000001111111111111111110111011111001001111100101111111111110011111111111111111110011111111111111111111000000000
000000000001111111111111111110110011111000000111100101111111111000111111111111111111111101111111111111111111000000000
000000000001111111111111111111110111110000000111100101111111000111111111000000000000000110111111111111111110000000000
000000000001111111111111111111101111100000000111100101111100111111111100000000111111100010111111111111111110000000000
000000000001111111111111111111101111000010101111100101110011111111100000011100000000011001011111111111111110000000000
000000000000111111111111111111011110000001101111100101001111111110000000100000111111000011011111111111111110000000000
000000000000111111111111111111011100000001101111111101111111111000000100011111111111111100101111111111111110000000000
000000000000111111111111111111011000000011101111111111111111100000001001111111111111111111001111111111111110000000000
000000000000111111111111111111011000000111101111111111111111001001001111111111111111111111111111111111111110000000000
000000000000111111111111111111011110001111101111111111111110000010011111111111111111111111111111111111111100000000000
000000000000111111111111111111000000111111101111111111111100001001111111111111111111111111111111111111111100000000000
000000000000111111111111111111110111111111101111111111111000010011111111111111111111111111111111111111111100000000000
000000000000011111111111111111111111111111101111111111000001001111111111111111111111111111111111111111111100000000000
000000000000011111111111111111111111111111101111111100000010011111111111111111111111111111111111111111111100000000000
000000000000011111111111111111111111111111110111000000001001111111111111111111111111111111111111111111111100000000000
000000000000011111111111111111111111111111110011100000110011111111111111111111111111111111111111111111111100000000000
000000000000011111111111111111111111111111111000011110001111111111111111111111111111111111111111111111111100000000000
000000000000011111111111111111111111111111111110000000111111111111111111111111111111111111111111111111111000000000000
000000000000001111111111111111111111111111111111111111111111111111111111111111111111111111111111111111111000000000000
000000000000000000111111111111111111111111111111111111111111111111111111111111111111111111111111111110000000000000000
000000000000000000000111111111111111111111111111111111111111111111111111111111111111111111111111110000000000000000000
000000000000000000000000111111111111111111111111111111111111111111111111111111111111111111111100000000000000000000000
000000000000000000000000000011111111111111111111111111111111111111111111111111111111111111100000000000000000000000000
000000000000000000000000000000011111111111111111111111111111111111111111111111111111111100000000000000000000000000000
000000000000000000000000000000000001111111111111000000000000000000000011111111111111000000000000000000000000000000000
000000000000000000000000000000000000001111111111000000000000000000000011111111111000000000000000000000000000000000000
000000000000000000000000000000000000000001111111000000000000000000000011111111000000000000000000000000000000000000000
000000000000000000000000000000000000000000000111100000000000000000000011100000000000000000000000000000000000000000000
111111111111111111111111111111111111111111111111110000000000000000001111111111111111111111111111111111111111111111111
