000000000000011111111111111111111111111111111111111100000000000000011111111111111111111111111111111111111100000000000
000000000000111111111111111111111111111111111111111000000000000000001111111111111111111111111111111111111100000000000
000000000000111111111111111111111111111111111111110000000000000000001111111111111111111111111111111111111110000000000
000000000011111111111111111111111111111111111110000000000000000000000011111111111111111111111111111111111111000000000
000000000111111111111111111111111111111111111110000000000000000000000011111111111111111111111111111111111111000000000
000000000111111111111111111111111111111111111110000000000000000000000011111111111111111111111111111111111111110000000
000000011111111111111111111111111111111111111111000000000000000000000011111111111111111111111111111111111111111000000
000000011111111111111100000001111111111111111111000000000000000000000011111111111111111111111111111111111111111000000
000000111111111111100000000000011111111111111111111111111111111111111111111111111111111111111111111111111111111110000
000011111111111111000000000000000111111111111111111111111111111111111111111111111111111111111111111111111111111110000
000011111111111100000011111110000011111111111111111111111111111111111111111111111111111111111111111111111111111110000
001111111111111100001111111111100001111111111111111111111111111111111111111111111111111111111111111111111111111111110
001111111111111000011111111111110001111111111111111111111111111111111111111111111111111110000000011111111111111111111
001111111111111000111111111111110000111111111111111111111111111111111111111111111111100000000000000111111111111111111
001111111111111000111111111111111000111111111111111111111111111111111111100000000000000000000000000011111111111111110
001111111111111000011111111111111100011111111111111111111111000000000000000000000000000011111111000011111111111111110
001111111111111100011111111111111110000000000000000000000000000000000000000000000011111111111111110001111111111111110
000111111111111100001111111111111111000000000000000000000000000000000000000011111111111111111111110000111111111111110
000111111111111110000111111111111111100000000000000000111111111111000001111111111111111111111111111000111111111111110
000111111111111111000111111111111111111110111111111111111111111111000000001111111111111111111111111000111111111111110
000111111111111111100011111111111111111111111111111111111111111111000000000000000111111111111111111000011111111111110
000111111111111111110011111110000000000000000000001100000111111110011000000000000000000000111111111100011111111111110
000111111111111111110011110000000000000000000000000000000011111110010000000000000000000000000001111100001111111111100
000111111111111111110011110001100000000000000000000000000111111110000000000000000000000000000000000000001111111111100
000011111111111111110011111011000000000000000000000000000011111110000111111111111110000000000000000000001111111111100
000011111111111111110011111000000000000000000011111111110011111110000111111111111111111111100000000000001111111111100
000011111111111111110011110000011111111111111111111111110011111110000111111111111111111111111111110000000111111111100
000011111111111111110011111000001111111111111111111111110011111111000111111111111111111111111111111111000111111111100
000011111111111111110001111110000111111111111111111111110011111111000111111111111111111111111111111111111111111111100
000011111111111111110001111111000011111111111111111111110011111111000111111111111111111111111111111111111111111111000
000011111111111111110000111111100011111111111111111111110001111111000111111111111111111111111111111111111111111111000
000011111111111111111000111111110001111111111111111111110011111111000011111111111111111111111111111111111111111111000
000001111111111111111000011111111000111111111111111111110001111111000011111111111111111111111111111111111111111111000
000001111111111111111100011111111000011111111111111111110011111111000011111111111111111111111111111111111111111111000
000001111111111111111110001111111100001111111111111111110001111111000011111111111111111111111111111111111111111111000
000001111111111111111110000011111111000111111111111111110011111111000011111111111111111111111111111111111111111111000
000001111111111111111111000000011111000011111111111111110001111111000011111111111111111111111111111111111111111110000
000001111111111111111111100000001111000001111111111111110011111111000011111111111111111111111111111111111111111110000
000001111111111111111111111000000001110000111111111111110001111111000011111111111111111111111111111111111111111110000
000000111111111111111111111110000000011000011111111111110011111111000011111111111111111111111111111111111111111110000
000000111111111111111111111111100000000000000111111111110011111111100011111111111111111111111111111111111111111110000
000000111111111111111111111111110000000000000011111111110011111111100011111111111111111111111111111111111111111110000
000000111111111111111111111111111100000000000001111111110011111111100011111111111111111111111111111111111111111110000
000000111111111111111111111111111111000000000001111111110011111111101011111111111111111111111111111111111111111110000
000000111111111111111111111111111111110000000000111111110011111111100000000000001111111111111111111111111111111100000
000000100111111111111111111111111111111100000000111111100111111111101110000000000011111111111111111111111111101100000
000000000011111111111111111111111111111111100001111110000111111111111111000000000000111111111111111111111111000000000
000000000011111111111111111111111111111111111111111100001111111111111111111111110000011111111111111111111111000000000
000000000011111111111111111111111111111111100000000000011111111111111111111111111000001111111111111111111111000000000
000000000011111111111111111111110000000000000000000001111111111111111111111111111110000111111111111111111111000000000
000000000011111111111111111111000000000000000000011111111111111111100111111111111111000011111111111111111111000000000
000000000011111111111111111110000000000001111111111111111111111110000000000000111111000011111111111111111111000000000
000000000011111111111111111110000001111111111111111111111111111110011000000000000000000001111111111111111111000000000
000000000011111111111111111111000001111111111111111111111111111110110000000000000000000001111111111111111111000000000
000000000011111111111111111111100000000000000000000000011111111100000000000000000000000000111111111111111111000000000
000000000011111111111111111111110000000000000000000000000111111100000111111111110000000000111111111111111111000000000
000000000011111111111111111111111000000000000000000000001111111100000111111111111111111111111111111111111111000000000
000000000011111111111111111111111100000000000000000000001111111100001111111111111111111111111111111111111111000000000
000000000011111111111111111111111111111111111111111111100111111100001111111111111111111111111111111111111111000000000
000000000011111111111111111111111111111111111111111111100111111000001111111111111111111111111111111111111111000000000
000000000011111111111111111111111111111111111111111111100111111000001111111111111111111111111111111111111111000000000
000000000011111111111111111111111111111111111111111111100111111000001111111111111111111111111111111111111111000000000
000000000011111111111111111111111111111111111111111111100111111000011111111111111111111111111111111111111111000000000
000000000011111111111111111111111111111111111111111111100011111000011111111111111111111111111111111111111111000000000
000000000011111111111111111111111111111111111111111111100011111000011111111111111111111111111111111111111111000000000
000000000011111111111111111111111111111111111111111111100011110000011111111111111111111111111111111111111111000000000
000000000111111111111111111111111111111111111111111111100011110000111111111111111111111111111111111111111111000000000
000000000111111111111111111111111111111111111111111111100011110000111111111111111111111111111111111111111111100000000
000000000111111111111111111111111111111111111111111111100011110000111111111111111111111111111111111111111111100000000
000000000011111111111111111111111111111111111111111111100011100000111111111111111111111111111111111111111111100000000
000000000011111111111111111111111111111111111111111111100011100000111111111111111111111111111111111111111111100000000
000000000011111111111111111111111111111111111111111111100011100001111111111111111111111111111111111111111111100000000
000000000011111111111111111111111111111111111111111111100001000001111111111111111111111111111111111111111111100000000
000000000011111111111111111111111111111111111111111111100000000001111111111111111111111111111111111111111111000000000
000000000011111111111111111111111111111111111111111111100000000011111111111111111111111111111111111111111111000000000
000000000011111111111111111111111111111111111111111111110000000011111110000000000011111111111111111111111111000000000
000000000011111111111111111111111111111111111111111111110001000011110000000000000000111111111111111111111111000000000
000000000011111111111111111111111111111111111111111111110011000010000000000000000000001111111111111111111111000000000
000000000001111111111111111111111111111100000000000000100011000000000001111111111100000011111111111111111111000000000
000000000001111111111111111111111000000000000000000000000111011000011111111111111111000001111111111111111111000000000
000000000001111111111111111111000000000000000000000000011111111111111111111111111111110000111111111111111111000000000
000000000001111111111111111100000000001111111111111111111111111111111111111111111111111000111111111111111110000000000
000000000001111111111111111000000111111111111111111111111111111111111111111111111111111000011111111111111110000000000
000000000001111111111111110000011111111111111111111111111111111111111111111100000000001100001111111111111110000000000
000000000000111111111111100001111111111111111111111111111111110000000000000000000000000000001111111111111110000000000
000000000000111111111111100011111111111111111111111110000000000000000000000000000000000100001111111111111110000000000
000000000000111111111111100011111111111111111111000000000000000000000000000000000000000000000111111111111110000000000
000000000000111111111111100011111111111111111100000000000000000000000000000000000000100000000111111111111110000000000
000000000000111111111111100011111111111111100000000000000000000000000011111111111111110000000111111111111110000000000
000000000000111111111111100010111111111110000011000000000000111111111111111111111111111000000011111111111100000000000
000000000000111111111111100000000100000000001100000000111111111111111111111111111111111110000011111111111100000000000
000000000000111111111111110000000000000000000000001111111111111111111111111111111111111111000011111111111100000000000
000000000000011111111111111000000000000000000001111111111111111111111111111111111111111111100011111111111100000000000
000000000000011111111111111110000000000000000111111111111111111111111111111111111111111111110011111111111100000000000
000000000000011111111111111111111100000011111111111111111111111111111111111111111111111111111011111111111100000000000
000000000000011111111111111111111111111111111111111111111111111111111111111111111111111111111111111111111100000000000
000000000000011111111111111111111111111111111111111111111111111111111111111111111111111111111111111111111000000000000
000000000000001111111111111111111111111111111111111111111111111111111111111111111111111111111111111111111000000000000
000000000000000001111111111111111111111111111111111111111111111111111111111111111111111111111111111111000000000000000
000000000000000000001111111111111111111111111111111111111111111111111111111111111111111111111111111000000000000000000
000000000000000000000000111111111111111111111111111111111111111111111111111111111111111111111110000000000000000000000
000000000000000000000000000111111111111111111111111111111111111111111111111111111111111111110000000000000000000000000
000000000000000000000000000000011111111111111111111111111111111111111111111111111111111100000000000000000000000000000
000000000000000000000000000000000011111111111111111111111111111111111111111111111111100000000000000000000000000000000
000000000000000000000000000000000000011111111111111111111111111111111111111111111100000000000000000000000000000000000
000000000000000000000000000000000000000011111111111111111111111111111111111111100000000000000000000000000000000000000
000000000000000000000000000000000000000000001111111111111111111111111111111000000000000000000000000000000000000000000
000000000000000000000000000000000000000000000001100000000000000000000110000000000000000000000000000000000000000000000
