000000000000000000000000000000000000000000000000000000000000000000011000000000000000000000000000000000000000000000000
000000000000000000000000000000000000000000000011000000000000000000000111000000000000000000000000000000000000000000000
000000000000000000000000000000000000000000111111000000000000000000000011111100000000000000000000000000000000000000000
000000000000000000000000000000000000000111111110000000000000000000000011111111100000000000000000000000000000000000000
000000000000000000000000000000000000111111111110000000000000000000000011111111111110000000000000000000000000000000000
000000000000000000000000000000001101011111111110000000000000000000000011111111111111110000000000000000000000000000000
000000000000000000000000000011111101101111111110000000000000000000000001111111111111111111000000000000000000000000000
000000000000000000000000011111111101110111111110000000000000000000000010011111111111111111111000000000000000000000000
000000000000000000000011111111111101111011111110000000000000000000000011001111111111111111111111000000000000000000000
000000000000000000111111111111111110111101111111000000000000000000000111100111111111111111111111111100000000000000000
000000000000000011111111111111111110111110111111111111111111110111111111110111111111111111111111111111000000000000000
000000000000000011111111111111111110111111111111111111111111110111111111111011111111111111111111111111000000000000000
000000000000000011111111111111111110111111011111111111111111111011111111111101111111111111111111111111100000000000000
000000000000000111111111111111111110111111101111111111111111111011111111111101111111111111111111111111100000000000000
000000000000000111111111111111111110111111101111111111111111111011111111111101111111111111111111111111100000000000000
000000000000000111111111111111111110111111110111111111111111111011111111110110111111111111111111111111100000000000000
000000000000000111111111111111111110111111110111111111111111111011111111110110111111111111111111111111100000000000000
000000000000000111111111111111111111111111111011111111111111111011111111100111111111111111111111111111100000000000000
000000000000000111111111111111111111011111111011111111111111111011111111100101111111111111111111111111100000000000000
000000000000000111111111111111111111011111111011111111111111111011111111100101111111111111111111111111110000000000000
000000000000000111111111111111111111101111001111111111111111111011111111001101111111111111111111111111110000000000000
000000000000000111111111111111111111101110001011111111111111111011111111001011111111111111111111111111110000000000000
000000000000001111111111111111111111110111001011111111111111111011111110001011111111111111111111111111110000000000000
000000000000001111111111111111111111111001100111110000011111111011111110001111111111111111111111111111110000000000000
000000000000001111111111111111111111111110011111000111100111111011111110010111111111111111111111111111110000000000000
000000000000001111111111111111111111111111111000111111110111111011111110010111111111111111111111111111110000000000000
000000000000001111111111111111111111111111100111111000011011111011111110010111111111111111111111111111110000000000000
000000000000001111111111111111111111111100011111000001100111111011111100111111111111111111111111111111111000000000000
000000000000001111111111111111111111100011111100000010011111111011111100101111111111111111111111111111111000000000000
000000000000011111111111111111111100011111100000011001111111111011111100101111111111111111111111111111111000000000000
000000000000011111111111111111000001111111010001100111111111111011111100001111111111111111111111111111111000000000000
000000000000011111111100000011111111111100001100011111111111111011111001011111111111111111111111111111111000000000000
000000000000011111111111111111111111111100000011111111111111111011111001011111111111111111111111111111111000000000000
000000000000011111111101111111111111111100101111111111111111111011111001011111111111111110011111111111111000000000000
000000000000011111111100111111110000011100101111111111111111111011111011011111111111110000000000111111111000000000000
000000000000011111111110011100000000111100101110000001111111111011110011011111111111001111111111001111111100000000000
000000000000111111111111001110000010111001011110111110011111111011110011111111111110011111111111110111111100000000000
000000000000111111111111100011111000111001011110111111100111111011110010111111111001111111111111111011111100000000000
000000000000111111111111111000000101111001011110111111110011111011110010111111110011111111111111001101111100000000000
000000000000111111111111111111111101110011011110111111111011111011110010111111101111111111111110001101111100000000000
000000000000111111111111111111111011110010111110111111011011111011110010111111011111111111111000001011111100000000000
000000000000111111111111111111110111110010111100111110000111111011110110111110111111111111110000010011111100000000000
000000000000111111111111111111110111100000111101111100010111111011110101111101111111111111000000001111111100000000000
000000000000111111111111111111101111100101111101111000010111111011110101111011111111111110010010011111111000000000000
000000000000011111111111111111001111000101111011110000101111111011110101110111111111111100000101111111111000000000000
000000000000011111111111111111011110001011110011110001011111111011110101101111111111110000010011111111111000000000000
000000000000011111111111111111011100001011110111100010011111111011110101011111111111100000101111111111110000000000000
000000000000011111111111111111111000010111101110000000111111111011110100111111111110000010011111111111110000000000000
000000000000011111111111111111011000101111001110000101111111111011110111111111111100000001111111111111110000000000000
000000000000011111111111111111001110011111011100000011111111111011111111111111110000000011111111111111110000000000000
000000000000011111111111111111100000111110111100000111111111111011111111111111110000100111111111111111110000000000000
000000000000011111111111111111111111111101111100000111111111111011111111111111000000001111111111111111110000000000000
000000000000011111111111111111111111111011111101111001111111111011111111111100000000111111111111111111110000000000000
000000000000011111111111111111111111110111111111111110111111111011111111111000001011111111111111111111110000000000000
000000000000011111111111111111111111101111111111111110111111111011111111110000010111111111111111111111110000000000000
000000000000011111111111111111111111011111111111110010111111111011111111000000001111111111111111111111110000000000000
000000000000011111111111111111111100111111111111110010111111110111111110000010011111111111111111111111110000000000000
000000000000011111111111111111110011111111111111100010111111101111111100100001111111111111111111111111110000000000000
000000000000011111111111111111000111111111111111000101111111011111111000010011111100000000011111111111110000000000000
000000000000011111111111110000111111111111111111000101111110011111111000001111110011111111100011111111110000000000000
000000000000000000000000000011111111111111111111001011111100111111000001011111110111111111111001111111110000000000000
000000000000001111111111111111111111111111111111000011111001111100000001101111101111111111111110111111110000000000000
000000000000001111111111111111111111111111111111011011111011110000000101110111110111111111111111001111110000000000000
000000000000001111111111111111000000111111111000011100110111100000100111111001110111111111111111100111110000000000000
000000000000010111111111111100000001111111110000001111001111000001000111111000111011111111111111110011111000000000000
000000000100110011100010000000001111111111000000111111111110000000111011111111011100111111111111111101111101100000000
000000000111111001110000000000110011111110000000111111111100000001111011111111001110111110011111001101111111110000000
000000000111111100111111111100000011111100000000111111110000000111111101111111101111001111000000000101111111110000000
000000001111111111000001000001100111111000000010111111100000001111111101111100101111110011110000011011111111110000000
000000001111111111111111111111001111110000000101111111100000011111111111111100101111111100001111000111111111110000000
000000001111111111111111111110011111110000001101111111100101111111111011111100101111111111100000111111111111110000000
000000001111111111111111111100111111100000011101111111001011111111110011111100101111111111111111111111111111110000000
000000001111111111111111111101111111000000111011111111101111111111110111111001011111111111111111111111111111110000000
000000001111111111111111111011111110000001111011111000001101111111111111111001011111111111011111111111111111110000000
000000001111111111111111110111111100000011111011110000000101111111101111110001011111111111001111111111111111111000000
000000011111111111111111101111111100010111111011100000110101111111101111110011111111111111010111111111111111111000000
000000011111111111111111101111111000101111110111000010010000111111101111110010111111111111000011111111111111111000000
000000011111111111111111011111110000001111110110000001101110111111011111100010111111111111101011111111111111111000000
000000011111111111111110111111110001011111110110000011101110111111011111100101111111111111101101111111111111111000000
000000011111111111111110111111100010111111111100000111101110111111011111100101111111111111101110111111111111111000000
000000011111111111111101111111000101111111111100101111101110111111111111000101111111111111101111011111111111111000000
000000011111111111111101111110001001111111101101011111001111111111111111001011111111111111101111001111111111111100000
000000111111111111111111111110001011111111101101011111011011111110111111001011111111111111111111101111111111111100000
000000111111111111111011111100010111111111101010111111011011111110111110000011111111111111110111110111111111111100000
000000111111111111111011111100110111111111101010111111011011011110111110010111111111111111110111110011111111111100000
000000111111111111110011111000101111111111101110111110111011011111111110010111111111111111110111111011111111111100000
000000111111111111110011110000011111111111001110011100111011111111011110010111111111111111110111111101111111111100000
000000111111111111110111110001011111111111011111001001110011111111011110111111111111111111111011111100111111111100000
000000111111111111110111100010111111111111011111100011110011111111011110101111111111111111111011111110111111111110000
000001111111111111110011000001111111111111011111111111110010111111101111111111111111111111111011111111011111111110000
000001111111111111111011000101111111111111011111111111110010111111101111110011111111111111111011111111011111111110000
000001111111111111111011101011111111111111011111111111100010111111110110111000011111100000000111111111001111111110000
000001111111111111111100110011111111111111011111111111100100111111110111111111000000000111111111111111101111111110000
000001111111111111111110001111111111111111011111111111000101111111111011111111111111111111111111111100101111111110000
000001111111111111111111111111111111111111011111111110000101111111111101111111111111111111111111111000111111111110000
000001111111111111111111111111111111111111011111111100001011111111111110111101111111111111111111100000101111111111000
000001111111111111111111111111111111111111101111110000010111111111111111011111001111111111111110000001011111111111000
000011111111111111111111111111111111111111101110000001101111111111111111100111110000000100000000000100111111111111000
000011111111111111111111111111111111111111110111000010011111111111111111111001111100000000000000010001111111111111000
000011111111111111111111111111111111111111110011110001111111111111111111111110000011111111111110001111111111111111000
000011111111111111111111111111111111111111111100000111111111111111111111111111110000000111000000111111111111111111000
