000000011111111111111111111111111111111111110011111111111111111111111111111111111111111111111111111111111111111000000
000000001111111111111111111111111111111111111011111111111111111111111111111111111111111111111111111111111111111000000
000000001111111111111111111111111111111111111111111111111111111111111111111111111111111111111111111111111111111000000
000000001111111111111111111111111111111111111111111111111111111111111111111111111111111111111111111111111111111000000
000000001111111111111111111111111111111111111111111111111111111111111111111111111110000111111111111111111111111000000
000000001111111111111111111111111111111111111111111111111111111111111111111111110000011111111111111111111111110000000
000000001111111111111111111111111111111111111111111111111111111111111111111111000001111111111111111111111111110000000
000000001111111111111111111111111111111111111111111111111111111111111111111000000111111111111111111111111111110000000
000000000111111111111111111111111111111111111111111111111111111111111100100100001111111111111111111111111111110000000
000000000111111111111111111111111111111111111111111111111111111111111100010000111111111111111111111111111111110000000
000000000111111111111111111111111111111111111111111111111111111111110011000001111111111111111111111111111111110000000
000000000111111111111111111111111111111111111111111111111111111111001110000011111111111111111111111111111111110000000
000000000111111111111111111111111111111111111111111111111111111100111000001111111111111111111111111111111111110000000
000000000111111111111111111111111111111111111111111111111111110011110000011111111111111111111111111111111111110000000
000000000111111111111111111111111111111111111111111111111111101111000100111111111111111111111111111111111111100000000
000000000111111111111111111111111111111111111111111111111110011110001011111111111111111111111111111111111111100000000
000000000111111111111111111111111111111111111111111111111001111000010111111111111111111111111111111111111111100000000
000000000111111111111111111111111111111111111111111111110111110000101111111111111111111111111111111111111111100000000
000000000011111111111111111111111111111111111111111111001111100000011111111111111111111111111111111111111111100000000
000000000011111111111111111111111111111111111111111110111111000000111111111111111111111111111111111111111111100000000
000000000011111111111111111111111111111111111111111001111100000001111111111111111111111111111111111111111111100000000
000000000011111111111111111111111111111111111111110011111100000011111111111111111111111111111111111111111111100000000
000000000011111111111111111111111111111111111111101111111000000111111111111111111111111111111111111111111111000000000
000000000011111111111111111111111111111111111111011111111000101111111111111111111111111111111111111111111111000000000
000000000001111111111111111111111111111111111110111111111001011111111111111111111111111111111111111111111111000000000
000000000001111111111111111111111111111111111101111111111010111111111111111111111111111111111111111111111111000000000
000000000001111111111111111111111111111111110011111111111011011111111111111111111111111111111111111111111111000000000
000000000001111111111111111111111111111111110111111000001111101111111111111000111111111111111111111111111111000000000
000000000001111111111111111111111111111111101111110110011111110111111111001111001111111111111111111111111111000000000
000000000001111111111111111111111111111111001111100000111111110111111110011111101111111111111111111111111110000000000
000000000001111111111111111111000001111111011111000000111111110111111001111111110111111111111111111111111110000000000
000000000001111111111111111110111110001110111100000001111111010111110011111111110111111111111111111111111110000000000
000000000001111111111111111110111111110000111100000011111111010011001100001111110111111111111111111111111110000000000
000000000000111111111111111110111111111101111000010111111111010010011000001111111011111111111111111111111110000000000
000000000000111111111111111110111111111111110000001111111111010001100000101111011011111111111111111111111110000000000
000000000000111111111111111110111111111111110001011111111111011011000001101111001011111111111111111111111110000000000
000000000000111111111111111111111111111111110010111111111111111100000111101111001011111111111111111111111110000000000
000000000000111111111111111111011111111111110110111111111111110000101111101111010111111111111111111111111110000000000
000000000000111111111111111111011111111111111111011111111111100001011111101110010111111111111111111111111110000000000
000000000000111111111111111111101111111111111111100000111111001010111111101110010111111111111111111111111100000000000
000000000000111111111111111111100111111111111111111110111111000101111111101110010111111111111111111111111100000000000
000000000000111111111111111111111011111001111111111100111111001011111111101100110111111111111111111111111100000000000
000000000000011111111111111111111100111110001111110000001111000111111111101100111111111111111111111111111100000000000
000000000000011111111111111111111111001111100000110000001111010111111111011100101111111111111111111111111100000000000
000000000000011111111111111111111111110000111110000010001111010111111111011100101111111111111111111111111100000000000
000000000000011111111111111111111111111110001111110001011110010111111111011100011111111111111111111111111100000000000
000000000000011111111111111111111111111111111000001111111110010111111111011001011111111111111111111111111100000000000
000000000000011111111111111111111111111111111111100000111110010111111111011001011111111111111111111111111000000000000
000000000000011111111111111111111111111111111111111111011110110111111111011011011111100011111111111111111000000000000
000000000000011111111111111111111111111111111111111111111110110111111111011011111000000000111111111111111000000000000
000000000000001111111111111111111111111111111111111110111110110111111111011010100111111111001111111111111000000000000
000000000000001111111111111111111111111111111111111110111110110111111111011110011111111111100111111111111000000000000
000000000000001111111111111111111111111111111111111110111110111111111110011111111111111111110111111111111000000000000
000000000000001111111111111111111111111111111111111110111110111100000000111111111111111111111011111111111000000000000
000000000000001111111111111000000000000000111111111110111110110111111111111100000000000000001011111111111000000000000
000000000000001111111111100001111111110000000000000001111111111111111111111100000111111111101011111111111000000000000
000000000000001111111111011111111111111111111111111111111111000000000000111100000000000000000011111111110000000000000
000000000000001111111111011111111111111111111111111111111110000000111111111100011111111111111111111111110000000000000
000000000000000111111111101111111111000000000000000011111110000100000000011101011111111111111111111111110000000000000
000000000000000111111111101111000000000000000000000000001110000000111110111101011111111111111111111111110000000000000
000000000000000111111111110011110001111111111111111111111100101111111110111101011111111111111111111111110000000000000
000000000000000111111111111001111111100000000000000011111100101111111110111101011111111111111111111111110000000000000
000000000000000111111111111110000000111111111111111110111100101111111101111101011111111111111111111111110000000000000
000000000000000111111111111111111111111111111111111110111100101111111101111101011111111111111111111111100000000000000
000000000000000111111111111111111111111111111111111110111100101111111111111101011111111111111111111111100000000000000
000000000000000111111111111111111111111111111111111110111111101111111011111101011111111111111111111111100000000000000
000000000000000011111111111111111111111111111111111110111110111111111011111101101111111111111111111111100000000000000
000000000000000011111111111111111111111111111111111110111110111111111011111111101111111111111111111111100000000000000
000000000000000011111111111111111111111111111111111110111110111111111011111111101111111111111111111111100000000000000
000000000000000011111111111111111111111111111111111101111110111111111011111111111111111111111111111111100000000000000
000000000000000011111111111111111111000011111100000101111110111111111011101111110111111111111111111111000000000000000
000000000000000011111111111111111100111111111111110001111110111111111011111011110111111111111111111111000000000000000
000000000000000011111111111111111011111111111111100011111110110111111100011110010111111111111111111111000000000000000
000000000000000011111111111111110011111111110000000011111110110111111111001111001011111111111111111111000000000000000
000000000000000001111111111111111011111000000000110001111110110111111111110001111011111111111111111111000000000000000
000000000000000001111111111111111101111000000011001101111110110111111111111100111101111111111111111111000000000000000
000000000000000001111111111111111110011111110000111101111110110111111111111111000101111111111111111111000000000000000
000000000000000001111111111111111111100111001111111111111111110111111111111111110000111111111111111111000000000000000
000000000000000001111111111111111111111111111111111111111111010011111111111111111111111111111111111111000000000000000
000000000000000001111111111111111111111111111111111111111111011011111111111111111111111111111111111110000000000000000
000000000000000001111111111111111111111111111111111111111111111011111111111111111111111111111111111110000000000000000
000000000000000001111111111111111111111111111111111111111111111111111111111111111111111111111111111110000000000000000
000000000000000000111111111111111111111111111111111111111111111101111111111111111111111111111111111110000000000000000
000000000000000000111111111111111111111111111111111101111111111101111111111111111111111111111111111110000000000000000
000000000000000000111111111111111111111111111111111101110111111100111111111111111111111111111111111110000000000000000
000000000000000000111111111111111111111111111111111100111110111110111111111111111111111111111111111110000000000000000
000000000000000000111111111111111111111111111111111110011111000111011111111111111111111111111111111110000000000000000
000000000000000000111111111111111111111111111111111111100011111011011111111111111111111111111111111110000000000000000
000000000000000000111111111111111111111111111111111111111100111100001111111111111111111111111111111100000000000000000
000000000000000000111111111111111111111111111111111111111110001100101111111111111111111111111111111100000000000000000
000000000000000000011111111111111111111111111111111111111111110001110111111111111111111111111111111100000000000000000
000000000000000000011111111111111111111111111111111111111111111100000011111111111111111111111111111100000000000000000
000000000000000000011111111111111111111111111111111111111111111111110111111111111111111111111111111100000000000000000
000000000000000000000111111111111111111111111111111111111111111111111111111111111111111111111111100000000000000000000
000000000000000000000000111111111111111111111111111111111111111111111111111111111111111111111100000000000000000000000
000000000000000000000000000011111111111111111111111111111111111111111111111111111111111111100000000000000000000000000
000000000000000000000000000000011111111111111111111111111111111111111111111111111111111100000000000000000000000000000
000000000000000000000000000000000011111111111111111111111111111111111111111111111111100000000000000000000000000000000
000000000000000000000000000000000000011111111111111111111111111111111111111111111100000000000000000000000000000000000
000000000000000000000000000000000000000001111111111111111111111111111111111111000000000000000000000000000000000000000
000000000000000000000000000000000000000000011111111111111111111111111111111000000000000000000000000000000000000000000
000000000000000000000000000000000000000000000011111111111111111111111111000000000000000000000000000000000000000000000
000000000000000000000000000000000000000000000000001111111111111111111000000000000000000000000000000000000000000000000
000000000000000000000000000000000000000000000000000000111111111110000000000000000000000000000000000000000000000000000
