000000000000000000000000000000000000000000000000000000000000000000001000000000000000000000000000000000000000000000000
000000000000000000000000000000000000000000000110000000000000000000000111100000000000000000000000000000000000000000000
000000000000000000000000000000000000000000011110000000000000000000000111111000000000000000000000000000000000000000000
000000000000000000000000000000000000000111111110000000000000000000000011111111100000000000000000000000000000000000000
000000000000000000000000000000000000111111111111000000000000000000000011111111111100000000000000000000000000000000000
000000000000000000000000000000000011111111111111100000111101010101010011111111111111100000000000000000000000000000000
000000000000000000000000000000111111111111111111101100011111111111111111111111111111111100000000000000000000000000000
000000000000000000000000000111111111111111111111110111100111111111111111111111111111111111110000000000000000000000000
000000000000000000000001111111111111111111111111110111111001111111111111111111111111111111111110000000000000000000000
000000000000000000001111111111111111111111111111111011111110001111111111111111111111111111111111110000000000000000000
000000000000000000011111111111111111111111111111111001111111110011111111111111111111111111111111111000000000000000000
000000000000000000011111111111111111111111111111111101111111111100111111111111111111111111111111111000000000000000000
000000000000000000011111111111111111111111111111111101111111111110111111111111111111111111111111111000000000000000000
000000000000000000011111111111111111111111111111111110111111111110111111111111111111111111111111111000000000000000000
000000000000000000111111111111111111111111111111111110111111111110111111111111111111111111111111111100000000000000000
000000000000000000111111111111111111111111111111111111011111111011111111111111111111111111111111111100000000000000000
000000000000000000111111111111111111111111111111111111011111111111011111111111111111111111111111111100000000000000000
000000000000000000111111111111111111111111111111111111011111111111011111111111111111111111111111111100000000000000000
000000000000000000111111111111111111111111111111111111111111111001011111111111111111111111111111111100000000000000000
000000000000000000111111111111111111111111111111111111101111111001011111111111111111111111111111111100000000000000000
000000000000000000111111111111111110001111111111111111101111111001011111110001100111111111111111111100000000000000000
000000000000000000111111111111111110110011111111111111101111111011111110001111111001111111111111111100000000000000000
000000000000000000111111111111111111011100111111111111111111111010011001111111111110111111111111111100000000000000000
000000000000000000111111111111111111011111001111111111110111111010000111111111111111011111111111111110000000000000000
000000000000000001111111111111111111101111110011111111110111111000011111111111000001101111111111111110000000000000000
000000000000000001111111111111111111101111111001111111110111111000011100000000000001001111111111111110000000000000000
000000000000000001111111111111111111101111111110011111110111110000011111111000111100011111111111111110000000000000000
000000000000000001111111111111111111110111111111011111110111110000100011111111100001111111111111111110000000000000000
000000000000000001111111111111111111110111111111101111110111110010111110000000011111111111111111111110000000000000000
000000000000000001111111111111111111110111111101101111110111110110111111111111111111111111111111111110000000000000000
000000000000000001111111111111111111110111111101101111110111110110111111111111111111111111111111111111000000000000000
000000000000000001111111111111111111111111111001111111110111110110111111111111111111111111111111111111000000000000000
000000000000000011111111111111111111111011111001011111110111100111111111111111111111111111111111111111000000000000000
000000000000000011111111111111111111111011111001011111110111100101111111111111111111111111111111111111000000000000000
000000000000000011111111111111111111111011110001011111110111100101111111111111111111111111111111111111000000000000000
000000000000000011111111111111111111111011110010111111110111100101111111111111111111111111111111111111000000000000000
000000000000000011111111111111111111111011110010111111110111100100001111111111110000000000111111111111000000000000000
000000000000000011111111111111111111111011101010111111110111111111100000000000000111111110011111111111000000000000000
000000000000000011111111111111111111111011100101111111110111111111111111111111111111111111100111111111000000000000000
000000000000000011111111111111111111111011100101111100000111111111111111111111111111111111110111111111100000000000000
000000000000000111111111111111111111111011100100001111111111111000000000011111111111111111110011111111100000000000000
000000000000000111111111111111111111111011111111111111111111110000000000000000000000000000001011111111100000000000000
000000000000000111111111000000000000000111111111110000000011110000111111111111111111111111101011111111100000000000000
000000000000000111111111011111111111111111100000000000011111110000000000011111111111111111000111111111100000000000000
000000000000000111111111011111111111111111100000111110001111110010111111111110000000000000111111111111100000000000000
000000000000000111111111101111111111100000100011100000010111100110111111111111111111111111111111111111100000000000000
000000000000000111111111101111111000000011100000111111110111100111111111111111111111111111111111111111100000000000000
000000000000000111111111110111000000001111101011111111110111100101111111111111111111111111111111111111100000000000000
000000000000000111111111110011110011100001101011111111110111100101111111111111111111111111111111111111110000000000000
000000000000001111111111111001111110001101101011111111100111100101111111111111111111111111111111111111110000000000000
000000000000001111111111111110000011111101101011111111100111100101111111111111111111111111111111111111110000000000000
000000000000001111111111111111111111111001101011111111101111100100011111111111111111111111111111111111110000000000000
000000000000001111111111111111111111111011101011111111101111000011110000011111111111111111111111111111110000000000000
000000000000001111111111111111111111111011101011111111101111000001111111000011111111111111111111111111110000000000000
000000000000001111111111111111111111111011001011111111101111000000111111111110001111111111111111111111110000000000000
000000000000001111111111111111111111110111001011111111101111001010111111111111100011111111111111111111110000000000000
000000000000001111111111111111111111110111011011111111101111011000111111111111111100111111111111111111111000000000000
000000000000011111111111111111111111110111011011111111101111011001110011111111111110011111111111111111111000000000000
000000000000011111111111111111111111100111011011111111011111011001111001111111111111101111111111111111111000000000000
000000000000011111111111111111111111101111011011111110111111110001111111111111111111110111111111111111111000000000000
000000000000011111111111111111111111101111011011111101111111100000000011111111111111111011111111111111111000000000000
000000000000011111111111111111111111101111011011111011111111100101111101111111111111111011111111111111111000000000000
000000000000011111111111111111111111101111011011110110000111100101111110111111111111111001111111111111111000000000000
000000000000011111111111111111111111111111011011101100001111100101111100111111111111111101111111111111111000000000000
000000000000011111111111111111111111111111011011011000001111100101111001110000001111111101111111111111111100000000000
000000000000111111111111111111111111011111011100110010001111100101110011110000001001111111111111111111111100000000000
000000000000111111111111111111111111111111011001000101101111100101110111100000111110000110111111111111111100000000000
000000000000111111111111111111111111101111111010000011101111100101001111100010001111100010111111111111111100000000000
000000000000111111111111111111111111101111110000100111101111100100011111000101110001111100111111111111111100000000000
000000000000111111111111111111111111100110000000011111101111101100111110000011111110000001111111111111111100000000000
000000000000111111111111111111111111110111001100111111101111111101111110001011111111111111111111111111111100000000000
000000000000111111111111111111111111111011110001111111110111111111111100010111111111111111111111111111111100000000000
000000000000111111111111111111111111111100001111111111110111111111111000100111111111111111111111111111111110000000000
000000000001111111111111111111111111111111111111111111111011111111110000101111111111111111111111111111111110000000000
000000000001111111111111111111111111111111111111111111111101111111100000011111111111111111111111111111111110000000000
000000000001111111111111111111111111111111111111111111111101111111000000111111111111111111111111111111111110000000000
000000000001111111111111111111111111111111111111111111111011111100000001111111111111111111111111111111111110000000000
000000000001111111111111111111111111111111111111111111110111111000001011111111111111111111111111111111111110000000000
000000000001111111111111111111111111111111111111111111101111110000000111111111111111111111111111111111111110000000000
000000000001111111111111111111111111111111111111111111011111000000001111111111111111111111111111111111111110000000000
000000000001111111111111111111111111111111111111111110111110010010011111111111111111111111111111111111111111000000000
000000000011111111111111111111111111111111111111111101111100100001111111111111111111111111111111111111111111000000000
000000000011111111111111111111111111111111111111111011110000010011111111111111111111111111111111111111111111000000000
000000000011111111111111111111111111111111111111110111100000101111111111111111111111111111111111111111111111000000000
000000000011111111111111111111111111111111111111101110000010011111111111111111111111111111111111111111111111000000000
000000000011111111111111111111111111111111111111011100001001111111111111111111111111111111111111111111111111000000000
000000000011111111111111111111111111111111111100110000100011111111111111111111111111111111111111111111111111000000000
000000000011111111111111111111111111111111111001100001001111111111111111111111111111111111111111111111111111000000000
000000000011111111111111111111111111111111110110000000111111111111111111111111111111111111111111111111111111000000000
000000000111111111111111111111111111111111001100010011111111111111111111111111111111111111111111111111111111100000000
000000000111111111111111111111111111111110010000001111111111111111111111111111111111111111111111111111111111100000000
000000000111111111111111111111111111111101100100111111111111111111111111111111111111111111111111111111111111100000000
000000000111111111111111111111111111110011100011111111111111111111111111111111111111111111111111111111111111100000000
000000000111111111111111111111111111100110011111111111111111111111111111111111111111111111111111111111111111100000000
000000000111111111111111111111111110010001111111111111111111111111111111111111111111111111111111111111111111100000000
000000000111111111111111111111111000000111111111111111111111111111111111111111111111111111111111111111111111100000000
000000000111111111111111111111110000111111111111111111111111111111111111111111111111111111111111111111111111100000000
000000000111111111111111111111110111111111111111111111111111111111111111111111111111111111111111111111111111110000000
000000001111111111111111111111111111111111111111111111111111111111111111111111111111111111111111111111111111110000000
000000001111111111111111111111111111111111111111111111111111111111111111111111111111111111111111111111111111110000000
000000001111111111111111111111111111111111111111111111111111111111111111111110011111111111111111111111111111100000000
000000000000000000000000000000000000000000000000000000000000000000000000000000000000000000000000000000000000100000000
