000000000000000000000000000000000000000000000000000000000000000000001000000000000000000000000000000000000000000000000
000000000000000000000000000000000000000000000011100000000000000000000111100000000000000000000000000000000000000000000
000000000000000000000000000000000000000000111111000000000000000000000011111100000000000000000000000000000000000000000
000000000000000000000000000000000000000111111110000000000000000000000011111111110000000000000000000000000000000000000
000000000000000000000000000000000000111111111110000000000000000000000011111111111110000000000000000000000000000000000
000000000000000000000000000000000111111111111110000000000000000000000111111111111111111000000000000000000000000000000
000000000000000000000000000001111111111111111110000000000000000000000011111111111111111111000000000000000000000000000
000000000000000000000000001111111111111111111110000000000000000000000000011111111111111111111000000000000000000000000
000000000000000000000011111111111111111111111111000000000000000000000011101111111111111111111111100000000000000000000
000000000000000000011111111111111111111111111111100000000000000000000111110111111111111111111111111100000000000000000
000000000000000011111111111111111111111111111111111111111110011111111111111011111111111111111111111111100000000000000
000000000000000011111111111111111111111111111111111111111100111111111111111011111111111111111111111111100000000000000
000000000000000011111111111111111111111111111111111111111011111111111111101011111111111111111111111111100000000000000
000000000000000011111111111111111111111111111111111111100111111111111111101011111111100011111111111111100000000000000
000000000000000011111111111111111111111111111111111111001111111111111111101011111111001101111111111111100000000000000
000000000000000011111111111111111111111111111111111110111111111110011111101011111101111110111111111111100000000000000
000000000000000011111111111111111111111111111111111001111111110000000111101011111011111110111111111111100000000000000
000000000000000111111111111001111111111111111111100111111111000000111111101011110111100110111111111111110000000000000
000000000000000111111111111100011111111111111100011111111110000010011111001011101111100111111111111111110000000000000
000000000000000111111111111101100011111111000011111111100000001000111111001011011111100101111111111111110000000000000
000000000000000111111111111111111100000000011111111110000000100111011111011010111111000101111111111111110000000000000
000000000000000111111111111110111111111111111111111000000110011111011111011010111110000011111111111111110000000000000
000000000000000111111111111111011111111111111111000000001001111111011111011001111110001011111111111111110000000000000
000000000000000111111111111111001111111111111000000001000111111111111111011001111100010111111111111111110000000000000
000000000000001111111111111111100111111111100000000110011111111111111111011011111000001110111111111111110000000000000
000000000000001111111111111111110011100000000000000011111111111111111111011111110000001110011111111111111000000000000
000000000000001111111111111111111001110000000110001111111111111111111111111111000000011110011111111111111000000000000
000000000000001111111111111111111100011111110000001111111111111111111111111000010000111110101111111111111000000000000
000000000000001111111111111111111111000000000110110011111111111111101111000000001001111110101111111111111000000000000
000000000000001111111111111111111111111111111110111100111111111111101111000011100111111110110111111111111000000000000
000000000000001111111111111111111111111111111111011110011111111111101110000000011111111110111011111111111000000000000
000000000000001111111111111111111111111111111111011111100111111111101110010111111111111110111011111111111000000000000
000000000000001111111111111111111111111111111111011111111001111111101110010111111111111110111101111111111100000000000
000000000000011111111111111111111111111111111111101111111110111111100110010111111111111110111110111111111100000000000
000000000000011111111111111111111111000000111111101111111110111111110110010111111111111110111110111111111100000000000
000000000000011111100011111111111001111111011111110111111110111111110111111111111111111110111111011111111100000000000
000000000000011111100000111111100111111111101111110111111010111111110111111011111111111110111111111111111100000000000
000000000000011111100111000000111111111111101111111111111010111111110111011011111111111001111111101111111100000000000
000000000000011111110111111111111111111111101111111011111010111111111011111001111111100011111111101111111100000000000
000000000000111111110111111111111111111110101111111011111011111111101011111110011100011111111110101111111110000000000
000000000000111111110111111111111111111110101111111011111011011110000001111111000011111111111110101111111110000000000
000000000000111111111011111111100000011100101111111011111111011001111001111111111111111111111100101111111110000000000
000000000000111111111011110100000000111100101111111011111001010111111100111111111111111111100000101111111110000000000
000000000000111111111101111000000101111100101111111011111001001111111101011100001100000000000000001111111100000000000
000000000000011111111110111111111000111101101111111011111111111111111101101111000000000011111110011111111000000000000
000000000000011111111111000000000110111101101111111011111111111111111111110011111111111000000001111111111000000000000
000000000000011111111111111111111110111101101111111011111111111111110110111100011110000111111111111111111000000000000
000000000000011111111111111111111110111101101111110111111111111111110110111111111111111111111111111111111000000000000
000000000000011111111111111111111110111101111111101111111111110000010110111111111111111111111111111111111000000000000
000000000000011111111111111111111110111001111110011111111111000000010110111100001111111111111111111111111000000000000
000000000000011111111111111111111111111001011001111111111110000001110110111101100111111111111111111111111000000000000
000000000000011111111111111111111111111001010111111111111000000000110110111111111001111111111111111111111000000000000
000000000000011111111111111111111101111001001111111111111000010010110110111110111100111111111111111111111000000000000
000000000000011111111111111111111101111111111111111111110000001110110110111110111110011111111111111111111000000000000
000000000000011111111111111111111101111111111111111111110010111110110110111110111111011111111111111111111000000000000
000000000000011111111111111111111101111111111110000001110010111110110110111110111111101111111111111111111000000000000
000000000000011111111111111111111001111111111100000011110110111110110110111110111111101111111111111111111000000000000
000000000000011111111111111111110011111111100000010111111110111110110110111110111111101111111111111111111000000000000
000000000000011000111111111111000111111110000000100011111010111110110110111110111110110111111001111111111000000000000
000000000000011011000000000001111111111000000000011011111010111110111110111111111100100111111001111111111000000000000
000000000000011011111111111111111111111000001001111011111010111110111110111101111000101111111001111111111000000000000
000000000000011011111111111111111111110000100111111011111010111110011110111101110000101111111110111111111000000000000
000000000000011101111111111111111111110001001111111011111010111110011110111101100001011111111110111111111000000000000
000000000000011101111111111111111111110010111111111011111010111111011110111101100010111111111110111111111000000000000
000000000000011110111111111111111111110110111111111011111010111111011110111011000001111111110111011111111000000000000
000000000110111111011110111000000111100111111111111011111010111111011110111011001011111111110111011111111101110000000
000000000111111111101111000000000111100101111111111011111010111111011110111011010111111111110111011111111111110000000
000000000111111111110011111111111111100101111111111011111010111111011110111001110111111111110111111111111111110000000
000000000111111111111000001000001111100101111111111011111010111111011110111101111011111111110111101111111111110000000
000000000111111111111111111111101111100101111111111011111010111111011110111101111101111111110111101111111111110000000
000000000111111111111111111111101111001001111111111011111010111111011010111101111110111111110111101111111111111000000
000000000111111111111111111111101111001011111111111011111010111111011010111110111111011111110111101111111111111000000
000000001111111111111111111111011111001011110111111011111010111111011010111110111111001111110111110111111111111000000
000000001111111111111111111111011111001011110001111011111010111111011010111110111111100111110111110111111111111000000
000000001111111111111111111111011110011011110101111011110010111111011110011110011111110111110111110111111111111000000
000000001111111111111111111110011110010111110110111011110010111111011110011111011111111111111111111111111111111000000
000000001111111111111111111110111110010111111111011011110010111111111111011111011111111011111111111011111111111000000
000000011111111111111111111110111100010111111011101011110110111111111111011111101111011011111011011011111111111000000
000000011111111111111111111101111100101111111011110011110110111111101111011111100110111011111011111101111111111100000
000000011111111111111111111101111000101111111101111111110110111111101111111111110110011011111011111101111111111100000
000000011111111111111111111011111011101111111101111111110110111111101111101111111011110111111001111110111111111100000
000000011111111111111111111011110001011111111110111111110110111111101111100111111100001111111101111110111111111100000
000000011111111111111111110111110101011111111110111111100111111111101111110111111111111111111101111111011111111100000
000000011111111111111111100111100010111111111110011111100101111111100111111011111111111111111110111111011111111100000
000000011111111111111111101111000010111111111111001111100101111111100111111001111111111111111100111111101111111100000
000000011111111111111111011110000101111111111111101111100101111111110111111110001111111000000111111111101111111110000
000000111111111111111110011100001011111111111111110111100001111111110111111111100000000001111111111111101111111110000
000000111111111111111110111000010111111111111111111001111011111111110111111111111111111111111111111111101111111110000
000000111111111111111101110000101111111111111111111100111011111111111111111111111111111111111111111110110111111110000
000000111111111111111011100001011111111111111111111111000111111111111011111111111111111111111111111110110111111110000
000000111111111111110111000010111111111111111111111111111111111111111011111111111111111111111111111110110111111110000
000000111111111111101110000001111111111111111111111111111111111111111101111111111111111111111111111110110111111110000
000000111111111111011100001011111111111111111111111111111111111111111101111111111111111111111111111100100111111110000
000001111111111100110000100111111111111111111111111111111111111111111110111111111111111111111111111010101111111110000
000001111111111101100011011111111111111111111111111111111111111111111110011111111111111111111111110010101111111111000
000001111111110011001100111111111111111111111111111111111111111111111111001111001111111111111100000001011111111111000
000001111111100111110011111111111111111111111111111111111111111111111111110111101000000000000000000010011111111111000
000001111111001100001111111111111111111111111111111111111111111111111111111000111111000000001111111001111111111111000
000001111111100001111111111111111111111111111111111111111111111111111111111110001111111111111110000011111111111111000
000001111111111111111111111111111111111111111111111111111111111111111111111111110000000000000011111111111111111111000
000011111111111111111111111111111111111111111111111111111111111111111011111111111111111111111111111111111111111111000
