000000000000000000011111111111111111111111111111111111111111111111111111111111111111111111111111100000000000000000000
000000000000000000001111111111111111111111111111111111111111111111111111111111111111111111111111100000000000000000000
000000000000000000011111111111111111111111111111111111111111111111111111111111111111111111111111100000000000000000000
000000000000000000111111111100011111111111111111111111111111111111111111111111111111111111111111110000000000000000000
000000000000000001111111100011100001001111111111111111111111111111111111111111111111111111111111111100000000000000000
000000000000000001111110011111111110001111111111111111111111100111111111111111111111111111111111111100000000000000000
000000000000000111111100111111111111001111111111111111111111011011111111111111111111111111111111111111000000000000000
000000000000001111111101111111111111110111111111111111111110111101111111111111111111111111111111111111000000000000000
000000000000011111111011111111111111111011111111111111111110111110111111111111111111111111110000111111100000000000000
000000000000111111111011111111111111111100111111111111111101111110111111111111111111111111101110011111110000000000000
000000000001111111110111111111111111111110111111111111111101111010111111111111111111111111101111001111111000000000000
000000000011111111110111111111111111111111011111111111111101111010111111111111111111111111011111101111111100000000000
000000000111111111110111111111111111111111101111111111111101111011111111111111111111111111011111101111111111000000000
000000001111111111101111111111100001111111101111111111111101111011111111111111111111111111011111101111111111000000110
001000011111111111101111111111000000011111110111111111111001111111011111111111111111111111011110111111111111110000100
001000111111111111101111111111000011111111111011111111111011111011011111111111111111111110111110111111111111110001100
001100111111111111101111111111000001111101111011111111111011111001011111111111111111111110111110111111111111111001100
001111111111111111101111111111011010011111111101111111111011111001011111111111111111111110111100111111111111111111100
001111111111111111101111111111011011100111100111111111111011111001011111111111111111111110111100101111111111111111100
001111111111111111101111111111011011111001110010111111111011111001011111111111111111111110111100101111111111111111100
000111111111111111111111111111011011111110111000111111111011111001011111111111111111111111111100101111111111111111100
000111111111111111111111111111011011111111101101011111111011111001011111111111111111111111111001101111111111111111100
000111111111111111101111111111011011111111110010001111111011111001011111111111111111111101111001011111111111111111000
000111111111111111101111111111011011111111111100101111111011111001011111111111111111111101111001011111111111111111000
000111111111111111101111111111011011111111111111001111111011111001011111111111111111111101111000011111111111111111000
000111111111111111101111111111011011111111111111111111111011111001011111111111111111111101110010111111111111111111000
000111111111111111101111111111011011111111111111111111111011111111111111111111111111111101110010111111111111111111000
000011111111111111101111111111011011111111111111111111111011111111111111111111111111111101110010111111111111111110000
000011111111111111101111111111011011111111111111111111111011111101111111111111111111111101100111111111111111111110000
000011111111111111101111111111011011111111111111100000000011111101100000011111111111111101100101111111111111111110000
000011111111111111101111111111011011111100000000011111111111111101111111000001111111111101100101111111111111111110000
000011111111111111101111111111011011111011111111111111111111111111111111111100011111111101100101111111111111111110000
000011111111111111110111111111011011111011110000111111111111111111111111111111001111111001101011111111111111111110000
000011111111111111110111111111011011111001111111110000000001111110000000000001010111111101101011111111111111111110000
000001111111111111110111111111011011111110001111111111111111111100001111111111011011111001101011111111111111111110000
000001111111111111110111111111011011111111111100000000000111111100000000000000000011111011001011111111111111111110000
000001111111111111110111111111011011111111111111111111111011111100101111111111111111111011011011111111111111111100000
000001111111111111110111111111011011111111111111111111111011111101101111111111111111111011011111111111111111111100000
000001111111111111110111111111111011111111111111111111111011111101111111111111111111111011010111111111111111111100000
000001111111111111110111111111101011111111111111111111111011111101111111111111111111111011110111111111111111111100000
000001111111111111110111111111101011111111111111111111111011111101111111111111111111111010010111111111111111111100000
000001111111111111111111111111101011111111111111111111111011111101111111111111111111111010010111111111111111111100000
000000111111111111111111111111101011111111111111111111111011111101111111111111111111111010001111111111111111111100000
000000111111111111111011111111101011111111111111111111111011111101100000011111111111111011101111111111111111111100000
000000111111111111111011111111101011111111111111111111111011111101111111100011111111111011101111111111111111111000000
000000111111111111111011111111101011111111111000000000000011111111111111111110111111111010101111111111111111111000000
000000111111111111111011111111101011111100000000001111111111111111111111111111001111111010111111111111111111111000000
000000111111111111111011111111101011111001111111111111111111111100000000000000010111111010111111111111111111111000000
000000111111111111111001111111101101111001111111111111111111111000001111111110101011111011011111111111111111111000000
000000011111111111111101111111101101111100111110000000000011111000000000000000000001111011011111111111111111111000000
000000011111111111111101111111111101111110011111111111111111111000011111111111111111111011011111111111111111111000000
000000011111111111111101111111101101111111110000000000000111111010111111111111111111111000111111111111111111111000000
000000011111111111111101111111100101111111111111111111110111111010111111111111111111111000111111111111111111110000000
000000011111111111111111111111100101111111111111111111111011111010111111111111111111111000111111111111111111110000000
000000011111111111111110111111100101111111111111111111111011111010111111111111111111111110111111111111111111110000000
000000011111111111111110111111111111111111111111111111111011111010111111111111111111111110111111111111111111110000000
000000011111111111111111011111111110111111111111111111111011111010111111111111111111111111111111111111111111110000000
000000001111111111111111011111110110111111111111111111111011111010011111111111111111111001111111111111111111110000000
000000001111111111111111011111111110111111111111111111111011111010011111111111111111111001111111111111111111110000000
000000001111111111111111101111111111001111111111111111111001111011000111000111111111110001111111111111111111100000000
000000001111111111111111101111111111110000111111111111111001111111111111110001111111110001111111111111111111100000000
000000001111111111111111110111111111111111110000000000000011111111111000001110111111110001111111111111111111100000000
000000001111111111111111111011111111111111111111111111111111100000000000001001011111110011111111111111111111100000000
000000001111111111111111111011110001111111111111111100000010000001111111110110001111110011111111111111111111100000000
000000000111111111111111111101111000000000000000001100000011111111110000000000010111110011111111111111111111100000000
000000000111111111111111111110011111111111111111111111111000000000011111111110011011110011111111111111111111000000000
000000000111111111111111111111100000111111111110000000000111111111111111111111001000000001111111111111111111000000000
000000000111111111111111111111111111111111111111111111111111111111111111111100111111000100001111111111111111000000000
000000000111111111111111111111111111111111111111111111111111111111111111110011111000000000101111111111111111000000000
000000000111111111111111111111111111111111111111111111111111111111111111001111000010001111111111111111111111000000000
000000000111111111111111111111111111111111111111111111111111111111111110011110100100111111111111111111111111000000000
000000000011111111111111111111111111111111111111111111111111111111111101111000010011111111111111111111111111000000000
000000000011111111111111111111111111111111111111111111110001111111111001110000100111111111111111111111111111000000000
000000000011111111111111111111111111111111111111111100010011111111111011100001011111111111111111111111111111000000000
000000000011111111111111111111111111111111111111100011100111111111110111100010111111111111111111111111111110000000000
000000000011111111111111111111111111111111111100011111011111111111101111010001111111111111111111111111111110000000000
000000000011111111111111111111111111111111110001111010111111111111101110001011111111111111111111111111111110000000000
000000000011111111111111111111111111111111001111100101111111111111011100010011111111111111111111111111111110000000000
000000000011111111111111111111111111111100111111001011111111111111011000000111111111111111111111111111111110000000000
000000000011111111111111111111111111111011111110001011111111111110111000101111111111111111111111111111111110000000000
000000000001111111111111111111111111110111111110010111111111111101111001011111111111111111111111111111111110000000000
000000000001111111111111111111111111101111111110001111111111111011110000011111111111111111111111111111111100000000000
000000000001111111111111111111111111101111111110100000000000110011100010111111111111111111111111111111111100000000000
000000000001111111111111111111111111101111111110111111111111111111100101111111111111111111111111111111111100000000000
000000000001111111111111111111111111101110110000000000000111111111010101111111111111111111111111111111111100000000000
000000000000111111111111111111111111100110000000111111000000011110001011111111111111111111111111111111111100000000000
000000000000111111111111111111111111110111111111110000001111011110000011111111111111111111111111111111111100000000000
000000000000111111111111111111111111111000000000011111111110111110010111111111111111111111111111111111111100000000000
000000000000111111111111111111111111111111111111111111111101111110010111111111111111111111111111111111111100000000000
000000000000111111111111111111111111111111111111111111111001111110101111111111111111111111111111111111111000000000000
000000000000111111111111111111111111111111111111111111111011111110101111111111111111111111111111111111111000000000000
000000000000111111111111111111111111111111111111111111111011111110101111111111111111111111111111111111111000000000000
000000000000111111111111111111111111111111111111111111110111000110100111111111111111111111111111111111111000000000000
000000000000111111111111111111111111111111111111111111110011110000010111111111111111111111111111111111111000000000000
000000000000111111111111111111111111111111111111111111111000111110001001111111111111111111111111111111111000000000000
000000000000011111111111111111111111111111111111111111111111000001110100011111111111111111111111111111110000000000000
000000000000000001111111111111111111111111111111111111111111111110000000000011111111111111111111111100000000000000000
000000000000000000001111111111111111111111111111111111111111111111111111111111111111111111111111100000000000000000000
000000000000000000000000111111111111111111111111111111111111111111111111111111111111111111111100000000000000000000000
000000000000000000000000000111111111111111111111111111111111111111111111111111111111111111100000000000000000000000000
000000000000000000000000000000011111111111111111111111111111111111111111111111111111111000000000000000000000000000000
000000000000000000000000000000000011111111111111111111111111111111111111111111111111000000000000000000000000000000000
000000000000000000000000000000000000011111111111111111111111111111111111111111110000000000000000000000000000000000000
000000000000000000000000000000000000000001111111111111111111111111111111111110000000000000000000000000000000000000000
000000000000000000000000000000000000000000001111111111111111111111111111100000000000000000000000000000000000000000000
