000000000000000000000000000000000000000000000000000000000111100000000000000000000000000000000000000000000000000000000
000000000000000000000000000000000000000000000000000000111111111110000000000000000000000000000000000000000000000000000
000000000000000000000000000000000000000000000000000111111111111111110000000000000000000000000000000000000000000000000
000000000000000000000000000000000000000000000001111111111111111111111111000000000000000000000000000000000000000000000
000000000000000000000000000000000000000000000011111111111111111111111111111000000000000000000000000000000000000000000
000000000000000000000000000000000000000011100000000000011111111111111111111111100000000000000000000000000000000000000
000000000000000000000000000000000000011111111100111111110001111111111111111111111100000000000000000000000000000000000
000000000000000000000000000000000111111111111111011111111110011111111111111111111111110000000000000000000000000000000
000000000000000000000000000000111111111111111111101111111111111111111111111111111111111110000000000000000000000000000
000000000000000000000000000111111111111111111111110111111001101111111111111111111111111111110000000000000000000000000
000000000000000000000001111111111111111111111111110111111001011111111111111111111111111111111111000000000000000000000
000000000000000000011111111111111111111111111111110111110001011111111111111111111111111111111111111000000000000000000
000000000000000001111111111111111111111111111111110111100000111111111111111111111111111111111111111111100000000000000
000000000000000011111111111111111111111111111111101111000010111111111111111111111111111111111111111111100000000000000
000000000000000011111111111111111111111111111111101111000101111111111100000000011111111111111111111111100000000000000
000000000000000011111111111111111111111111111111111111001001111100000011111111001111111111111111111111100000000000000
000000000000000011111111111111111111111111111111011110000000000111111111111111101111111111111111111111100000000000000
000000000000000011111111111111111111111111111110111100000011111111111111111111110111111111111111111111100000000000000
000000000000000011111111111111111111111111111110111000011111111111111111111111110111111111111111111111100000000000000
000000000000000111111111111111111111111111111101111000100000000000000111111100010111111111111111111111110000000000000
000000000000000111111111111111111111111111111101110001011111111111110111111000010111111111111111111111110000000000000
000000000000000111111111111111111111111111111011100010111111111111101111000000101111111111111111111111110000000000000
000000000000000111111111111111111111111111111111100001111111111111101110000001011111111111111111111111110000000000000
000000000000000111111111111111111111111111110111000001111111111111011100000010111111111111111111111111110000000000000
000000000000000111111111111111111111111111101110001011111111111110110000010001111111111111111111111111110000000000000
000000000000000111111111111111111111111111011110001111111111111100100001101111111111111111111111111111110000000000000
000000000000001111111111111111111111111110011100010111111111111001101100111111111111111111111111111111111000000000000
000000000000001111111111111111111111111110111000101111111111110011110011111111111111111111111111111111111000000000000
000000000000001111111111111111111111111001110010101111111111100100011111111111111111111111111111111111111000000000000
000000000000001111111111111111111111110011110101011111111110000001111111111111111111111111111111111111111000000000000
000000000000001111111111111111111111100111000010111111111100011111111111111111111111111111111111111111111000000000000
000000000000001111111111111111111111001110000000111111111111111111111111111111111111111111111111111111111000000000000
000000000000001111111111111111111100111000001001111111111111111111111111111111111111111111111111111111111000000000000
000000000000001111111111111111110011110000000111111111111111111111111111111111111111111111111111111111111000000000000
000000000000011111111111100000011111100011001111111111111111111111111111111111111111111111111111111111111100000000000
000000000000011111111111100001111111100000111111111111111111111111111111111111011111111111111111111111111100000000000
000000000000011111111111111110000000000011111111111111111110000000000001111111111110000111111111111111111100000000000
000000000000011111111111111111001111010001111111111100000000011111111111111111111111111001111111111111111100000000000
000000000000011111111111111111011111101110000000001111111111011111111111111111111111111110111111111111111100000000000
000000000000011111111111111111011111110111101111111111111100000111111000000000111111111110011111111111111100000000000
000000000000011111111111111111011111110011111111111111111000011111111111111111000111111111011111111111111100000000000
000000000000111111111111111110011111111101111100000000111000000000000000111111111111111111101111111111111100000000000
000000000000111111111111111110111111111110011111111111111000011111111111110000001111111111100111111111111110000000000
000000000000111111111111111110111111111111100111110011111010111111111111111111100111111111110111111111111110000000000
000000000000111111111111111110111111111111111100001001111011011111111111111111111001111111111111111111111110000000000
000000000000111111111111111110111111111111111111111101111011011111111111111111111101111111111011111111111110000000000
000000000000111111111111111111111111111111111111111101111111011111111111111111111101111111111011111111111110000000000
000000000000111111111111111101111111111111111111111101111111011111111111111111111111111111111101111111111110000000000
000000000000111111111111111101111111111111111111111101111001011111111111111111111111111111111101111111111110000000000
000000000001111111111111111101111111111111111111111101111001011111111111111111111110111111111101111111111111000000000
000000000001111111111111111101111111111111111111111101111111011111111111111111111110111111111111111111111111000000000
000000000001111111111111111101011111111111111111111101111111100000000011111111111110111111111110111111111111000000000
000000000001111111111111111011011111111111111111111101111111111111111111000011111110111111110110111111111111000000000
000000000001111111111111111011011111101000000000000001111111111111111111111001111110111111111110111111111111000000000
000000000001111111111111111011011110011111111111111111111111111111111111111110111110111111111110111111111111000000000
000000000001111111111111111011011111011111111111111111111100000000000000000010011110111111111010011111111111000000000
000000000001111111111111111111011111100111111111111111111000001111111111111110111111011111111011011111111111000000000
000000000001111111111111110111011111110011111000000011111000011111111110000000111111011111111111011111111111100000000
000000000011111111111111110111011111111100111111111111111001000001111111111111111111011111111001011111111111100000000
000000000011111111111111110111011111111110000111111111111001011111111111111111111111011111111001011111111111100000000
000000000011111111111111110111011111111111111000000111111001011111111111111111111111011111111111011111111111100000000
000000000011111111111111110111011111111111111111111111111001011111111111111111111111011111111111111111111111100000000
000000000011111111111111101111011111111111111111111111111001011111111111111111111111011111111101111111111111100000000
000000000011111111111111101111011111111111111111111111111001011111111111111111111111011111111101111111111111100000000
000000000111111111111111101111011111111111111111111111111001011111111111111111111111011111111101101111111111100000000
000000000111111111111111101001011111111111111111111111111001011111111111111111111111011111111101101111111111110000000
000000000111111111111111111001011111111111111111110111111001011111111111111111111111011111111101101111111111110000000
000000000111111111111111011001011111111111111111110111111001011111111111111111111111011111111101101111111111110000000
000000000111111111111111011111011111000000000000000111111111100000000001111111111111011111111101101111111111110000000
000000000111111111111111011011011111011111111111111111111111111111111100000011111111011111111101101111111111110000000
000000000111111111111111011010011111001111111111111111111111111111111111111110111111011111111111101111111111110000000
000000000111111111111110011010011111100111110011111111111111111111111111111111011111011111111110100111111111110000000
000000000111111111111110111010011111111001111100000011111100000000000000000001011111011111111110100111111111111000000
000000001111111111111110111010011111111100011111111111111100001111111111111110011111011111111110110111111111111000000
000000001111111111111110111010111111111111100000000111111000000000000000000000111111011111111111110111111111111000000
000000001111111111111111111010111111111111111111110111111001011111111111111111111111011111111110010111111111111000000
000000001111111111111101110010111111111111111111111111111001011111111111111111111111011111111110010111111111111000000
000000001111111111111101110010111111111111111111111111111001011111111111111111111111011111111110010111111111111000000
000000001111111111111101110010111111111111111111111011111001011111111111111111111111011111111110010111111111111000000
000000001111111111111001110110111111111111111111111011111001011111110111111111111111011111111110010111111111111000000
000000011111111111111011110110111111111111111111111011111001011111110001111111111111011111111110010111111111111100000
000000011111111111111011110110111111111111111111111011111001011111110100111111111111011111111111010111111111111100000
000000011111111111111011110110111111111111111111111011111001011111111011001111111111011111111111111111111111111100000
000000011111111111110111110110111111111111111111111011111001011111111011110011111111011111111111011111111111111100000
000000011111111111110111100111111111111111111111111011111001011111111001111000111111011111111111011111111111111100000
000000011111111111110111100101111111111111111111111011111001011111111101111110011111011111111110011111111111111100000
000000011111111111110111100101111111111111111111111011111001011111111111111111100111011111111110010111111111111100000
000000111111111111110111100101111111111111111111111011111001011111111110111111111001011111111110010111111111111100000
000000111111111111101111100101111111111111111111111011111001011111111111011111111110011111111110010111111111111110000
000000111111111111101111100101111111111111111111111011111001011111111111011111111111111111111110010111111111111110000
000000111111111111101111101001111111111111111111111011111010011111111111101111111111111111111110010111111111111110000
000000111111111111100111001001111111111111111111111011111010011111111111100111111111111111111110010111111111111110000
000000111111111111110111001011111111111111111111111011111010111111111111110111111111111111111100100111111111111110000
000000111111111111110110001011111111111111111111111011110010111111111111111011111111111111111100101111111111111110000
000000111111111111110110000011111111111111111111111001110010111111111111111001111111111111111000101111111111111110000
000001111111111111111011110111111111111111111111111001100010111111111111111100111111111111111000101111111111111110000
000000111111111111111100001111111111111111111111111101100101111111111111111110011111111111110001011111111111111100000
000000011111111111111111111111111111111111111111111101100101111111111111111111001111111111100000011111111111111000000
000000001111111111111111111111111111111111111111111110011001111111111111111111100111100000000010111111111111110000000
000000000111111111111111111111111111111111111111111111010011111111111111111111110011110000000101111111111111100000000
000000000011111111111111111111111111111111111111111111111111111111111111111111111100011111110011111111111111000000000
000000000001111111111111111111111111111111111111111111111111111111111111111111111111000010000111111111111110000000000
000000000000111111111111111111111111111111111111111111111111111111111111111111111111111111111111111111111100000000000
000000000000010000000000000000000000000000000000000000000000000000000000000000000000011111111100000000001000000000000
111111111111111111111111111111111111111111111111111111110000001111111111111111111111111111111111111111111111111111111
