000000000000000000101111111111111111111111111111111111111111111111111111111111111111111111111111110100000000000000000
000000000000000000001111111111111111111111111111111111111111111111111111111111111111111111111111110000000000000000000
000000000000000000001111111111111111111111111111111111111111111111111111111111111111111111111111110000000000000000000
000000000000000000001111111111111111111111111111111111111111111111111111111111111111111111111111110000000000000000000
000000000000000000001111111111111111111111111111111111111111111111111111111111111111111111111111110000000000000000000
000000000000000000011111111000000011111111111111111111111111111111111111111111111111111111111111111000000000000000000
000000000000000000111111100111111100100111111111111111111111111111111111111111111111111111111111111100000000000000000
000000000000000001111110011111111111001111111111111111111111100011111111111111111111111111111111111110000000000000000
000000000000000011111110111111111111110111111111111111111111011101111111111111111111111111111111111111000000000000000
000000000000000111111101111111111111111011111111111111111111011110111111111111111111111111111111111111100000000000000
000000000000001111111101111111111111111101111111111111111110111111011111111111111111111111111000011111110000000000000
000000000000111111111011111111111111111110011111111111111110111111011111111111111111111111110111001111111100000000000
000000000000111111111011111111111111111111011111111111111110111111011111111111111111111111101111101111111100000000000
000000000011111111110111111111111111111111101111111111111111111011011111111111111111111111101111110111111111000000000
000000000011111111110111111111111111111111110111111111111101111111011111111111111111111111111111110111111111000000010
000000000111111111110111111111100000011111110111111111111101111111111111111111111111111111011111110111111111100000010
000100001111111111110111111111100000101111111011111111111101111101111111111111111111111111011110011111111111110000110
000100011111111111110111111111100001111111111101111111111101111101111111111111111111111111011110011111111111111000110
000111111111111111110111111111100000011110111101111111111101111101111111111111111111111111011110010111111111111111110
000111111111111111111111111111101011001111101110111111111101111101111111111111111111111111011110010111111111111111110
000111111111111111101111111111101011110011110010111111111101111101101111111111111111111111011110010111111111111111110
000111111111111111101111111111101011111100111001011111111101111101101111111111111111111110111110010111111111111111100
000111111111111111101111111111101011111111001100011111111101111101101111111111111111111110111100001111111111111111100
000011111111111111101111111111101011111111110110101111111101111101101111111111111111111110111100101111111111111111100
000011111111111111101111111111101011111111111100001111111101111101101111111111111111111110111000101111111111111111100
000011111111111111101111111111101011111111111110000111111001111101101111111111111111111110111001111111111111111111100
000011111111111111111111111111101011111111111111110111111011111101101111111111111111111110111001011111111111111111100
000011111111111111110111111111101011111111111111111111111011111101101111111111111111111110111001011111111111111111000
000011111111111111110111111111101011111111111111111111111011111101101111111111111111111110111001111111111111111111000
000011111111111111110111111111101011111111111111111111111011111111101111111111111111111111110010111111111111111111000
000011111111111111110111111111101011111111111111111111111011111110101111111111111111111101110010111111111111111111000
000001111111111111110111111111101011111111000000000000000011111110100000000111111111111101110010111111111111111111000
000001111111111111110111111111101011111101111111111111111111111111111111111100111111111101100110111111111111111111000
000001111111111111110111111111101011111001111111111111111111111111111111111111001111111101100101111111111111111111000
000001111111111111110111111111101011111101111000111000000011111111000000000001100111111101100101111111111111111111000
000001111111111111111111111111101011111110111111111000000000111110000000000001001011111101100101111111111111111110000
000001111111111111111111111111101011111111000000000111111111111110000111111111000001111101100101111111111111111110000
000001111111111111111011111111101101111111111111110000000011111110000000000000000011111101101001111111111111111110000
000001111111111111111011111111101101111111111111111111111001111110101111111111111111111101101011111111111111111110000
000001111111111111111011111111101101111111111111111111111001111110101111111111111111111101101011111111111111111110000
000000111111111111111011111111111101111111111111111111111101111110101111111111111111111101101011111111111111111110000
000000111111111111111011111111101101111111111111111111111101111110101111111111111111111101011111111111111111111110000
000000111111111111111011111111101101111111111111111111111101111110101111111111111111111101011111111111111111111110000
000000111111111111111011111111100101111111111111111111111101111110101111111111111111111101010111111111111111111100000
000000111111111111111011111111100101111111111111111111111101111110101111111111111111111101010111111111111111111100000
000000011111111111111001111111100101111111111111111111111101111110100000000111111111111101110111111111111111111100000
000000011111111111111101111111100101111111111111111111111101111111111111111100111111111100101111111111111111111100000
000000011111111111111101111111100101111110000000000000000011111111111111111111001111111100001111111111111111111100000
000000011111111111111101111111100101111111111111111111111111111110000000000001110111111000001111111111111111111100000
000000011111111111111101111111100101111101111111111111111111111100000000000000011011111000001111111111111111111100000
000000011111111111111101111111100101111101111111000000000011111000001111111111100101111001101111111111111111111000000
000000011111111111111101111111111111111110011111000000000011111000000000000000000001111011111111111111111111111000000
000000011111111111111110111111110111111111100000111111111111111001011111111111111111111010011111111111111111111000000
000000001111111111111110111111110110111111111110000000000011111001011111111111111111111000011111111111111111111000000
000000001111111111111110111111110110111111111111111111111011111001011111111111111111111000011111111111111111111000000
000000001111111111111110111111110110111111111111111111111001111001011111111111111111111000011111111111111111111000000
000000001111111111111111011111110110111111111111111111111101111001011111111111111111111010011111111111111111111000000
000000001111111111111111011111111110111111111111111111111101111001011111111111111111111010111111111111111111110000000
000000001111111111111111011111111110111111111111111111111101111001011111111111111111111000111111111111111111110000000
000000001111111111111111101111111011011111111111111111111101111001011111111111111111111000111111111111111111110000000
000000001111111111111111101111111111001111111111111111111101111001010000001111111111111000111111111111111111110000000
000000000111111111111111110111111111100011111111111111111101111111100111100011111111111000111111111111111111110000000
000000000111111111111111110111111111111110000000111111111101111111111111111100111111111001111111111111111111110000000
000000000111111111111111111011111111111111111100000000000001111111111000000111011111111001111111111111111111110000000
000000000111111111111111111001111111111111111111111111111111000000000001111001101111111001111111111111111111110000000
000000000111111111111111111101111000111111111111111110000000000001111111100011010111111011111111111111111111110000000
000000000111111111111111111110011111000000000000000111111111111000000000011100001011111001111111111111111111100000000
000000000111111111111111111111000111111111111111111111110000000001111111111111001101001001111111111111111111100000000
000000000111111111111111111111111000000000000000000001111111111111111111111111000111111100011111111111111111100000000
000000000011111111111111111111111111111111111111111111111111111111111111111100111111100000000011111111111111100000000
000000000011111111111111111111111111111111111111111111111111111111111111110111110000000001111111111111111111100000000
000000000011111111111111111111111111111111111111111111111111111111111111001111010000001111111111111111111111100000000
000000000011111111111111111111111111111111111111111111111111111111111110011110000000111111111111111111111111000000000
000000000011111111111111111111111111111111111111111111111110011111111110111100001011111111111111111111111111000000000
000000000011111111111111111111111111111111111111111111100000111111111101110000000111111111111111111111111111000000000
000000000011111111111111111111111111111111111111111100011011111111111011100000011111111111111111111111111111000000000
000000000011111111111111111111111111111111111111100111100111111111110111101010111111111111111111111111111111000000000
000000000001111111111111111111111111111111111100011111011111111111110111010000111111111111111111111111111111000000000
000000000001111111111111111111111111111111110011110000111111111111101110000001111111111111111111111111111111000000000
000000000001111111111111111111111111111111001111100001111111111111101110001011111111111111111111111111111111000000000
000000000001111111111111111111111111111100111111010001111111111111011100010111111111111111111111111111111110000000000
000000000001111111111111111111111111111001111110001011111111111110111000101111111111111111111111111111111110000000000
000000000001111111111111111111111111110111111110010011111111111101111000101111111111111111111111111111111110000000000
000000000001111111111111111111111111110111111110010111111111111101110001011111111111111111111111111111111110000000000
000000000000111111111111111111111111110111111110010000000000000011110000011111111111111111111111111111111110000000000
000000000000111111111111111111111111110111111110000011111111111111101010111111111111111111111111111111111110000000000
000000000000111111111111111111111111110111000000000000000011011111000101111111111111111111111111111111111110000000000
000000000000111111111111111111111111110111000000111111000000001111000001111111111111111111111111111111111100000000000
000000000000111111111111111111111111111001111100000001111111011111000011111111111111111111111111111111111100000000000
000000000000111111111111111111111111111110000000111111111110011110000011111111111111111111111111111111111100000000000
000000000000111111111111111111111111111111111111111111111100111110010111111111111111111111111111111111111100000000000
000000000000011111111111111111111111111111111111111111111101111110010111111111111111111111111111111111111100000000000
000000000000011111111111111111111111111111111111111111111001111110010111111111111111111111111111111111111100000000000
000000000000011111111111111111111111111111111111111111111011111110010111111111111111111111111111111111111100000000000
000000000000011111111111111111111111111111111111111111111011100000010111111111111111111111111111111111111100000000000
000000000000011111111111111111111111111111111111111111111001111000001011111111111111111111111111111111111100000000000
000000000000011111111111111111111111111111111111111111111100000111100000011111111111111111111111111111111000000000000
000000000000000111111111111111111111111111111111111111111111100000011000000111111111111111111111111111100000000000000
000000000000000000111111111111111111111111111111111111111111111111110000000001111111111111111111111100000000000000000
000000000000000000000011111111111111111111111111111111111111111111111111111111111111111111111111100000000000000000000
000000000000000000000000011111111111111111111111111111111111111111111111111111111111111111111000000000000000000000000
000000000000000000000000000001111111111111111111111111111111111111111111111111111111111111000000000000000000000000000
000000000000000000000000000000000111111111111111111111111111111111111111111111111111111000000000000000000000000000000
000000000000000000000000000000000000111111111111111111111111111111111111111111111110000000000000000000000000000000000
000000000000000000000000000000000000000111111111111111111111111111111111111111100000000000000000000000000000000000000
000000000000000000000000000000000000000000011111111111111111111111111111111100000000000000000000000000000000000000000
000000000000000000000000000000000000000000000011111111111111111111111111000000000000000000000000000000000000000000000
000000000000000000000000000000000000000000000000001111111111111111111000000000000000000000000000000000000000000000000
000000000000000000000000000000000000000000000000000011111111111111000000000000000000000000000000000000000000000000000
000000000000000000000000000000000000000000000000000000000111110000000000000000000000000000000000000000000000000000000
000111111111111111111111111111111111111111111111100000000000000000000011111111111111111111111111111111111111111111100
111111111111111111111111111111111111111111111111111100000000000000011111111111111111111111111111111111111111111111111
