000000000000000000000000000000000000000000000000011111111111111111111000000000000000000000000000000000000000000000000
000000000000000000000000000000000000000000000001111111111111111111111111000000000000000000000000000000000000000000000
000000000000000000000000000000000000000000000000001111111111111111111111111100000000000000000000000000000000000000000
000000000000000000100000000000000000000111110011111000001111111111111111111111100000000000000000000000000000000000000
000000000000000001100000000000000001111111111100111111110001111111111111111111111110000000000000000000000000000000000
000000000000000000100000000000001111111111111111011111111110111111111111111111111111110000000000000000000000000000000
000000000000000000000000000001111111111111111111111111111111011111111111111111111111111110000000000000000000000000000
000000000000000000000000011111111111111111111111101111110011011111111111111111111111111111111000000000000000000000000
000000000000000000000111111111111111111111111111101111110010011111111111111111111111111111111111000000000000000000000
000000000000000000111111111111111111111111111111101111100010111111111111111111111111111111111111111100000000000000000
000000000000000011111111111111111111111111111111101111000001111111111111111111111111111111111111111111000000000000000
000000000000000111111111111111111111111111111111111110000101111111111111111111111111111111111111111111000000000000000
000000000000000111111111111111111111111111111111011110001011111111100000000000111111111111111111111111000000000000000
000000000000000111111111111111111111111111111111011110010011100000111111111111011111111111111111111111000000000000000
000000000000000111111111111111111111111111111110111100010000011111111111111111101111111111111111111111100000000000000
000000000000000111111111111111111111111111111111111000000111111111111111111111101111111111111111111111100000000000000
000000000000000111111111111111111111111111111101110000111111111111111111111100101111111111111111111111100000000000000
000000000000000111111111111111111111111111111011110000011110000000001111111000101111111111111111111111100000000000000
000000000000000111111111111111111111111111111011100010111111111111101111110000101111111111111111111111100000000000000
000000000000001111111111111111111111111111110111000101111111111111011110000001011111111111111111111111100000000000000
000000000000001111111111111111111111111111100111000001111111111111011110000010111111111111111111111111100000000000000
000000000000001111111111111111111111111111101110001011111111111110111000000001111111111111111111111111110000000000000
000000000000001111111111111111111111111111011110010111111111111101100000100011111111111111111111111111110000000000000
000000000000001111111111111111111111111110011100010111111111111001000110011111111111111111111111111111110000000000000
000000000000001111111111111111111111111100111000101111111111110011011001111111111111111111111111111111110000000000000
000000000000001111111111111111111111111001110000111111111111101110000111111111111111111111111111111111110000000000000
000000000000001111111111111111111111111011110001011111111111001000111111111111111111111111111111111111110000000000000
000000000000011111111111111111111111100111100010111111111100000111111111111111111111111111111111111111110000000000000
000000000000011111111111111111111111001110000101111111111001111111111111111111111111111111111111111111110000000000000
000000000000011111111111111111111110011000000001111111111111111111111111111111111111111111111111111111111000000000000
000000000000011111111111111111111001111000000011111111111111111111111111111111111111111111111111111111111000000000000
000000000000011111111111111110000111000001001111111111111111111111111111111111111111111111111111111111111000000000000
000000000000011111111111000000111111000110011111111111111111111111111111111111111111111111111111111111111000000000000
000000000000011111111111110000111111100001111111111111111111111111110000000000000001111111111111111111111000000000000
000000000000111111111111111110000000100111111111111111111000000000000111111111111110000111111111111111111000000000000
000000000000111111111111111110011111000001111111000000011111111111111111111111111111111011111111111111111000000000000
000000000000111111111111111110011111101110000000011111111111111111111111111111111111111101111111111111111000000000000
000000000000111111111111111110011111100111111111111111111001000111111000000000001111111110111111111111111100000000000
000000000000111111111111111110011111110011111111110001110000111111111111111110000011111111011111111111111100000000000
000000000000111111111111111110011111111001111000000001110000000000000000000001111111111111111111111111111100000000000
000000000000111111111111111111011111111110011111111111110010111111111111111100001111111111101111111111111100000000000
000000000000111111111111111101011111111111000000000011110110111111111111111111110111111111101111111111111100000000000
000000000000111111111111111101011111111111111111111011110110111111111111111111111011111111110111111111111100000000000
000000000001111111111111111101011111111111111111111011110110111111111111111111111111111111110111111111111100000000000
000000000001111111111111111101011111111111111111111011111110111111111111111111111101111111111011111111111110000000000
000000000001111111111111111101011111111111111111111011111010111111111111111111111101111111111011111111111110000000000
000000000001111111111111111001011111111111111111111011111010111111111111111111111101111111111011111111111110000000000
000000000001111111111111111011011111111111111111111011111010111111111111111111111101111111111001111111111110000000000
000000000001111111111111111011011111111111111111111011111011011111111111111111111101111111111101111111111110000000000
000000000001111111111111111011011111111111111111111011111111000000000000011111111101111111111101111111111110000000000
000000000011111111111111111011011111111111111111111011111111111111111111000011111111111111111111111111111110000000000
000000000011111111111111110111011110000000000000000011111111111111111111111101111111111111111110111111111110000000000
000000000011111111111111110110011110111111111111111111111111111111111111111110111110111111110110111111111110000000000
000000000011111111111111110110011111011111111111111111111000000000000000000110111110111111110110111111111111000000000
000000000011111111111111110110011111101111100111111111111000011111111111111110111110111111111110111111111111000000000
000000000011111111111111110110011111110011110000000011111000000000000000000001111110111111111110111111111111000000000
000000000011111111111111100110011111111100111111111111111010111111111111111111111110111111111010111111111111000000000
000000000111111111111111101110011111111111000000001111111010111111111111111111111110111111111010011111111111000000000
000000000111111111111111101110011111111111111111100111111010111111111111111111111110111111111011011111111111000000000
000000000111111111111111101110111111111111111111110111111010111111111111111111111110111111111111011111111111000000000
000000000111111111111111111110111111111111111111110111111010111111111111111111111110111111111111011111111111100000000
000000000111111111111111111110111111111111111111110111111010111111111111111111111110111111111001011111111111100000000
000000000111111111111111011010111111111111111111110111111010111111111111111111111110111111111001011111111111100000000
000000000111111111111111011010111111111111111111110111111010111111111111111111111110111111111001011111111111100000000
000000000111111111111111011010111111111111111111110111111010011111111111111111111110111111111001011111111111100000000
000000001111111111111110011010111111111111111111100111111011000011111111111111111110111111111001011111111111100000000
000000001111111111111110011010111110000000000000001111111011100000000000111111111110111111111111011111111111100000000
000000001111111111111110110110111110011111111111111111111111111111111111100001111110011111111111111111111111100000000
000000001111111111111110110110111111011111111111111111111111111111111111111100111110011111111101101111111111110000000
000000001111111111111110110110111111100111100000000111111100000000000000000010111111011111111101101111111111110000000
000000001111111111111111110110111111110001111000000111111000000000000000000010111111011111111101101111111111110000000
000000001111111111111101110110111111111100001111111111111000011111111110000000111111011111111101101111111111110000000
000000011111111111111101110110111111111111100000000111111000000000000000000111111111011111111110101111111111110000000
000000011111111111111101110111111111111111111111110111111001011111111111111111111111011111111110101111111111110000000
000000011111111111111001110111111111111111111111110111111011011111111111111111111111011111111110101111111111110000000
000000011111111111111011100111111111111111111111110111111010011111111111111111111111011111111110100111111111111000000
000000011111111111111011100101111111111111111111110111111010011111111111111111111111011111111110100111111111111000000
000000011111111111111011100101111111111111111111110111111010011111100111111111111111011111111110110111111111111000000
000000011111111111111111100101111111111111111111110111111010011111100011111111111111011111111110110111111111111000000
000000011111111111110111100101111111111111111111110111111010011111110100111111111111011111111110110111111111111000000
000000111111111111110111100101111111111111111111110111111010011111110111001111111111011111111110110111111111111000000
000000111111111111100111100101111111111111111111110111111010011111110011110011111111011111111110110111111111111000000
000000111111111111101111100101111111111111111111110111111010111111111011111000111111011111111110110111111111111000000
000000111111111111101111101001111111111111111111110111111010111111111101111110011111011111111110110111111111111100000
000000111111111111101111101001111111111111111111110111111010111111111101111111100111011111111110110111111111111100000
000000111111111111101111001011111111111111111111110111110010111111111110111111111000011111111110100111111111111100000
000000111111111111111111001011111111111111111111111111110010111111111110111111111110011111111110101111111111111100000
000001111111111111111111001011111111111111111111111111110010111111111111011111111111111111111100101111111111111100000
000001111111111111101111011011111111111111111111111111110110111111111111011111111111111111111100101111111111111100000
000001111111111111101110011011111111111111111111111111110110111111111111101111111111111111111100101111111111111100000
000001111111111111101110011111111111111111111111111011110110111111111111100111111111111111111000101111111111111110000
000001111111111111101110010111111111111111111111111011100111111111111111110011111111111111111000111111111111111110000
000001111111111111110110000111111111111111111111111011100101111111111111111011111111111111111000011111111111111110000
000001111111111111110011001111111111111111111111111011100101111111111111111101111111111111110100011111111111111110000
000000111111111111111000011111111111111111111111111001110101111111111111111110111111111111100010111111111111111000000
000000011111111111111111111111111111111111111111111101101011111111111111111111001110111110000010111111111111110000000
000000001111111111111111111111111111111111111111111110111011111111111111111111100111100000000001111111111111100000000
000000000111111111111111111111111111111111111111111111000111111111111111111111110001111000011011111111111111000000000
000000000011111111111111111111111111111111111111111111111111111111111111111111111100011111100111111111111110000000000
000000000001111111111111111111111111111111111111111111111111111111111111111111111111100000011111111111111100000000000
000000000000111111111111111111111111111111111111111111111111111111111111111111111111111111111111111111111000000000000
