000000000000000000000000000000000000000000000000000000011111110000000000000000000000000000000000000000000000000000000
000000000000000000000000000000000000000000000000000011111111111110000000000000000000000000000000000000000000000000000
000000000000000000000000000000000000000000000000011111111111111111110000000000000000000000000000000000000000000000000
000000000000000000000000000000000000000000000111111111111111111111111111000000000000000000000000000000000000000000000
000000000000000000000000000000000000000000111111111111111111111111111111111100000000000000000000000000000000000000000
000000000000000000000000000000000000000111111111111111111111111111111111111111100000000000000000000000000000000000000
000000000000000000000000000000000001111111111111111111111111111111111111111111111100000000000000000000000000000000000
000000000000000000000000000000001111111111111111111111111111111111111111111111111111110000000000000000000000000000000
000000000000000000000000000011111111111111111111111111111111111111111111111111111111111110000000000000000000000000000
000000000000000000000000011111111111111111111111111111111111111111111111111111111111111111110000000000000000000000000
000000000000000000000111111111111111111111111111111111111111111111111111111111111111111111111111000000000000000000000
000000000000000000111111111111111111111111111111111111111111111111111111111111111111111111111111111000000000000000000
000000000000000011111111111111111111111111111111111111111110000001111111111111111111111111111111111111000000000000000
000000000000000011111111111111111111111111111111111111111111011110011111111111111111111111111111111111000000000000000
000000000000000111111111111111111111111111111111111111111111011111100111111111111111111111111111111111000000000000000
000000000000000111111111111111111111111111111111111111111111101111111001111111111111111111111111111111000000000000000
000000000000000111111111111111110111111111111111111111111111101111111100111111111111111111111111111111000000000000000
000000000000000111111111111111110001111111111111111111111111110111111110011111111111111111111111111111000000000000000
000000000000000111111111111111110110111111111111111111111111110111111111011111111111111111111111111111000000000000000
000000000000000111111111111111111011100111111111111111111111110111111111101111111111111111111111111110000000000000000
000000000000000111111111111111111011110001111111111111111111111011111111101111111111111111111111111110000000000000000
000000000000000111111111111111111101111110111111111111111111111011111111110111111111111111111111111110000000000000000
000000000000000111111111111111111101111111011111111111111111111011111111110111111111111111111111111111000000000000000
000000000000000111111111111111111110111111011111111111111111111011111111111111111111111111111111111111000000000000000
000000000000001111111111111111111110111111011111111111111111111011111111111111111111111111111111111111100000000000000
000000000000001111111111111111111110111111011111111111111111111011111111011011111111111111111111111111100000000000000
000000000000001111111111111111111111011111111111111111111111111011111111011011111111111111111111111111110000000000000
000000000000001111111111111111111111011101111111111111111111111011111111011011111111111111111111111111110000000000000
000000000000001111111111111111111111011101111111111111111111111011111111011011111111111111111111111111110000000000000
000000000000011111111111111111111111011101111111111111111111111011111111011011111111111111111111111111110000000000000
000000000000011111111111111111111111011001111111111111111111111011111111011011111111111111111111111111110000000000000
000000000000011111111111111111111111011001011111111111111111111011111111011111111111111111111111111111110000000000000
000000000000011111111111111111111111011001011111111111111111111011111110011111111111111111111111111111111000000000000
000000000000011111111111111111111111011001011111111111111111111011111110011111111000000111111111111111111000000000000
000000000000011111111111111111111111011001011111111111111111111011111110010111000111111000111111111111111000000000000
000000000000011111111111111111111111011001000111001111111111111011111110010100111111111110011111111111111000000000000
000000000000111111111111111111111111011111111111110111111111111011111110010011111111111111011111111111111000000000000
000000000000111111111111111111111100011111111111110111111111111011111111111111111111111101101111111111111000000000000
000000000000111111100000000000000011111111111111110111111111111011111111111111111111110000101111111111111100000000000
000000000000111111101111111111111111111111111110010111111111110011111111111111111000000001001111111111111100000000000
000000000000111111100111111111111111111000000000010111111100001111111111111100000000000110011111111111111100000000000
000000000000111111110111111111100000001000000011000000001111111111111110000000001111110001111111111111111100000000000
000000000000111111110111111110000000011000011111100011111111111111111100000111111100001111111111111111111100000000000
000000000000111111111011100000000110111000000000001111111100000001111100000000000111111111111111111111111100000000000
000000000001111111111001110000011000111001011111100111100000011111111100101111111111111111111111111111111100000000000
000000000001111111111100111110000100111011011111111001111111100011111101101111111111111111111111111111111100000000000
000000000001111111111110000000111101111011011111111110011110011011111101101111111111111111111111111111111100000000000
000000000001111111111111111111111101111010011111111111100011111011111101111111111111111111111111111111111110000000000
000000000001111111111111111111111011111010011111111111111111111011111001111111111111111111111111111111111110000000000
000000000001111111111111111111110111111010011111111111111111111011111001011111111111111111111111111111111110000000000
000000000001111111111111111111110111111010111111111111111111111011111001011111111111111111111111111111111110000000000
000000000001111111111111111111101111011010111111111111111111111011111001011111111111111111111111111111111110000000000
000000000011111111111111111111101110001010111111111111111111111111111001011111111111111111111111111111111110000000000
000000000011111111111111111111011000001010111111111111111111111111111001011111111111111111111111111111111110000000000
000000000011111111111111111110011000011010111111111111111111111111111001011111110000000111111111111111111111000000000
000000000011111111111111111110110000011010111110000011111111111111111001000000111111111001111111111111111111000000000
000000000011111111111111111100110000011010111110011100111111110111111111111111111111111100111111111111111111000000000
000000000011111111111111111101100101011010111111011111000000111111111111111111111111111110111111111111111111000000000
000000000011111111111111111001100101011010111111011111111111111111111111111111111111111111011111111111111111000000000
000000000111111111111111111011001011011010111111101110001110000011111100000000000000001111011111111111111111000000000
000000000111111111111111110111001011011010111111101110001110000011111000000000000000000001011111111111111111000000000
000000000111111111111111110110010011011010111111110011111111111111111000011111111011111101111111111111111111000000000
000000000111111111111111101110010111011010111111111000000000000111111000000000000000001111011111111111111111100000000
000000000111111111111111011100010111011010111111111111111111110111111000111111111111111000111111111111111111100000000
000000000111111111111111011100101110011110111111111111111111110111111010111111111111111111111111111111111111100000000
000000000111111111111110011000101110011110111111111111111111110111111010111111111111111111111111111111111111100000000
000000000111111111111110111001011110011110111111111111111111110111111010111111111111111111111111111111111111100000000
000000001111111111111101110001011110010110111111111111111111110111111010111111111111111111111111111111111111100000000
000000001111111111111101110010111110010110111111111111111111110111111010111111111111111111111111111111111111100000000
000000001111111111111011100010111110110110111111111111111111110111111010111111111111111111111111111111111111100000000
000000001111111111111011100101111110110110111111111111111111110111111010000000000000001111111111111111111111110000000
000000001111111111110111000101111110110110111111111111111111110111111011111111111111111011111111111111111111110000000
000000001111111111110111000001111110110110111111111111111000000111111111111111111111111101111111111111111111110000000
000000001111111111100110001011111110110110111111000000011111111111111111111100011111111110111111111111111111110000000
000000001111111111101110001111111110110111111111011111111111111111111000000000000000010110111111111111111111110000000
000000011111111111101100010111111110110111111111101111111000000011110000011111111111100010111111111111111111110000000
000000011111111111101101000111111110110111111111110011110000000011110000111100001111111110111111111111111111110000000
000000011111111111101100101111111110110101111111111001111111111111110000001111111100000001111111111111111111111000000
000000011111111111101101111111111110110101111111111110001100000111110010111111111111111111111111111111111111111000000
000000011111111111101001011100111110111101111111111111111111110111110110111111111111111111111111111111111111111000000
000000011111111111100000111111001110111101111111111111111111110111110110111111111111111111111111111111111111111000000
000000011111111111100100111110110010111101111111111111111111110111110110111111111111111111111111111111111111111000000
000000111111111111110101111110111000111101111111111111111111110111110110111111111111111111111111111111111111111000000
000000111111111111110001111110111110100101111111111111111111110111110110111111111111111111111111111111111111111000000
000000111111111111111111111110111111100101111111111111111111110111110110111111111111111111111111111111111111111100000
000000111111111111111111111110011111100101111111111111111111110111110110111111111111111111111111111111111111111100000
000000111111111111111111111111011111100101000000000000000000000111110110111111111100000000011111111111111111111100000
000000111111111111111111111111011111101101011111111111111111111111110111110000011111111111110011111111111111111100000
000000111111111111111111111111011111101001101111111111111111111111111111111111111111111111111100111111111111111100000
000000111111111111111111111111011111101001101111111111111111111111111111111111111111111111111111011111111111111100000
000001111111111111111111111111111111101011110111111111111111111111111111111111111111111111111111101111111111111100000
000001111111111111111111111111101111001011110111111111111111111111111111111111111111111111111111110111111111111100000
000001111111111111111111111111101111001011111011100000111111111111111111111111111111111111111111111111111111111110000
000001111111111111111111111111100110001011111101111100000000000000000000000000000000000000000000010111111111111110000
000001111111111111111111111111110110011011111110011111111111111111111111111111111110000000000000010111111111111110000
000001111111111111111111111111110110010111111111100000000000000000000000000000000011111111111111001111111111111110000
000001111111111111111111111111111011000111111111111111111111111111111111111111100000000000000000011111111111111110000
000011111111111111111111111111111001001111111111111111111111111111111111111111111111111111111111111111111111111110000
000011111111111111111111111111111100011111111111111111111111111111111111111111111111111111111111111111111111111110000
000011111111111111111111111111111111111111111111111111111111111111111111111111111111111111111111111111111111111110000
000011111111111111111111111111111111111111111111111111111111111111111111111111111111111111111111111111111111111110000
000011111111111111111111111111111111111111111111111111111111111111111111111111111111111111111111111111111111111111000
000011111111111111111111111111111111111111111111111111111111111111111111111111111111111111111111111111111111111111000
