000111111111111111111111111111111111111111111111111111111111111111111111111111111111111111111111111111111111111111100
000111111111111111111111111111111111111111111111111111111111111111111111111111111111111111111111111111111111111111100
000011111111111111111111111111111111111111111111111111111111111111111111111111111111111111111111111111111111111111100
000011111111111111111111111111111111111111111111111111111111111111111111111111111111111111111111111111111111111111000
000011111111111111111111111111111111111111111111111111111111111111111111111111111111111111111111111111111111111111000
000011111111111111111111111111111111111111111111111111111111111111111111111111111111111111111111111111111111111111000
000011111111111111111111111111111111111111111111111111111111111111111111111111111111111111111111111111111111111111000
000011111111111111111111111111111111111111111111111111111111111111111111111111111111111111111111111111111111111111000
000011111111111111111111111111111111111111111111111111111111111111111111111111111001111111111111111111111111111111000
000011111111111111111111111111111111111111111111111111111111111111111111111111110110111111111111111111111111111111000
000001111111111111111001111111000000000111111111111111111111111111111111111111101111011111111111111111111111111111000
000001111111111111110111111111111111111100000000000000000000000000000011111111101111101111111111111111111111111110000
000001111111111111101111111111111111111111111111111111111111111111111100111111011111101111111111111111111111111110000
000001111111111111111111111111111111111111111111111111111111111111111110011111011111110111111111111111111111111110000
000001111111111111101111111111111111111111111111111111111111111111111111011111011111110111111111111111111111111110000
000001111111111111101111011111111111111111111111111111111111111111111111101111011111110111111111111111111111111110000
000001111111111111110011100000000000000000000000111111000000000000000000101111011111111111111111111111111111111110000
000001111111111111111001111000000000000000000000111110000000000000000000010111011111111011111111111111111111111110000
000000111111111111111110001111111111111000111111111110001111111111111111111110111111011011111111111111111111111100000
000000111111111111111111110000000000000000000001111110000000000000000000000010111111111011111111111111111111111100000
000000111111111111111111111111111111111111111111111110101111111111111111111110110000001011111111111111111111111100000
000000111111111111111111111111111111111111111101111110101111111111111111111110110000001101111111111111111111111100000
000000111111111111111111111111111111111111111101111110101111111111111111111110110001100101111111001111111111111100000
000000111111111111111111111111111111111111111101111100101111111111111111111110110000010101111110101111111111111100000
000000111111111111111111111111111111111111111101111100101111111111111111111110100101101001111101100111111111111100000
000000111111111111111111111111111111111111111101111101101111111111111111111110100101110011111001110111111111111000000
000000011111111111111111111111111111111111111101111101101111111111111111111110100101111000111011110111111111111000000
000000011111111111111111111111111111111111111101111101100000000001111111111110100101111111111011110111111111111000000
000000011111111111111111111110000000111111110001111111111111111110011111111111100101111111110111110111111111111000000
000000011111111111111111111101111111000000000011111111111111111111101111111111100101111111100110110111111111111000000
000000011111111111111111111101111111111111111111111111000000000001010011111111100101111111101110010111111111111000000
000000011111111111111111111101111111111111111111111110000001111111011011111111100101111111111110010111111111111000000
000000011111111111111111111101110000000000000000111100001100000000001111111111100101111111011100100111111111111000000
000000001111111111111111111110011100000000000011111100000001111111111111111101111101111110011000101111111111110000000
000000001111111111111111111111000111111111110011111100101111111111111111111101111101111110111000101111111111110000000
000000001111111111111111111111110000000000000001111101101111111111111111111101111101111100111001011111111111110000000
000000001111111111111111111111111111111111111101111101101111111111111111111101111001111101110001011111111111110000000
000000001111111111111111111111111111111111111101111101101111111111111111111101111001111001100010111111111111110000000
000000001111111111111111111111111111111111111101111101101111111111111111111101111001111011100001111111111111110000000
000000001111111111111111111111111111111111111101111101101111111111111111111101101011111111000101111111111111110000000
000000001111111111111111111111111111111111111101111101101111111111111111111101101011110111001011111111111111110000000
000000000111111111111111111111111111111111111101111101101111111111111111111101101011110110000111111111111111100000000
000000000111111111111111111000000001111111110001111101100000000000111111111101101011101110010111111111111111100000000
000000000111111111111111111111111100000000000011111101111111111100001111111101101011101100001111111111111111100000000
000000000111111111111111111011111111111111111111111111111111111111100111111101101011011000101111111111111111100000000
000000000111111111111111111011111111111111111111111110000000001111110111111101101011011001011111111111111111100000000
000000000111111111111111111011111111111000000001111100000111111110011011111101101010110101011111111111111111100000000
000000000011111111111111111101110000000000000001111100001110000111001011111101101010110010111111111111111111000000000
000000000011111111111111111100111100111111111111111100100011111100111011111101101001100100111111111111111111000000000
000000000011111111111111111110011111111100000011111101111111111111000011111101101001100101111111111111111111000000000
000000000011111111111111111111100000000111111011111101111111111111111111111101101001000011111111111111111111000000000
000000000011111111111111111111111111111111111011111101111111111111111111111101111110001011111111111111111111000000000
000000000011111111111111111111111111111111111011111001011111111111111111111101111110010111111111111111111111000000000
000000000011111111111111111111111111111111111011111001011111111111111111111101111100000111111111111111111111000000000
000000000011111111111111111111111111111111111011111001011111111111111111111101111000101111111111111111111111000000000
000000000011111111111111111111111111111111111011111001011111111111111111111101111001101111111111111111111111000000000
000000000011111111111111111111111111111111111111111001011111111111111111111001110001011111111111111111111111000000000
000000000001111111111111111111111111111111111111111001011110000011111111111001100010111111111111111111111110000000000
000000000001111111111111111111111111111111110111111001010001111100011111111011100010111000011001111111111110000000000
000000000001111111111111111111111111111111110111111111101111111111001111111011100101000011111110111111111110000000000
000000000001111111111111111111111111111110000111111111111110000000100111111011100000111111111111011111111110000000000
000000000001111111111111111111111100000001111111111111100000000000001000000011101111111111111111001111111110000000000
000000000001111111111111111111000111111111111111111100000011111000000111111111111111111110000001101111111110000000000
000000000001111111111111111100111111111111111111111000001100000011101111111111111110000000000000101111111100000000000
000000000000111111111111111011111111111110001111111000000111111111101111111111100000001111111111010111111100000000000
000000000000111111111111110111111111111000000111111001011111111111101111100111100001111110000000000111111100000000000
000000000000111111111111110111111111100000011111111001011111111111101100000001100000000111111111110111111100000000000
000000000000111111111111110111100100000001101111111001011111111111101110001111101011111111111111111111111100000000000
000000000000111111111111111001110000001100001111111001011111111111110011000011101011111111111111111111111100000000000
000000000000111111111111111100011111110011101111111001011111111111111000011011101011111111111111111111111100000000000
000000000000111111111111111111000000001111101111111001011111111111111111111011101011111111111111111111111100000000000
000000000000111111111111111111111111111111111111111001011111111111111111111011101011111111111111111111111000000000000
000000000000011111111111111111111111111111011111111001011111111111111111111011101011111111111111111111111000000000000
000000000000011111111111111111111111111111011111111001011111111111111111111111101011111111111111111111111000000000000
000000000000011111111111111111111111111111011111111001011111111111111111111111101011111111111111111111111000000000000
000000000000011111111111111111111111111111011111111001011111111111111111111111101011111111111111111111111000000000000
000000000000011111111111111111111111111111011111111001011111111111111111111111101011111111111111111111111000000000000
000000000000011111111111111111111111111111011111111001011111111111111111111111101001111111111111111111111000000000000
000000000000011111111111111111111111111111011111111001011111111111111111111011101101111111111111111111110000000000000
000000000000001111111111111111111111111111111111111001011111111111111111111011111101111111111111111111110000000000000
000000000000001111111111111111111111111111101111111001011111111111111111111011101110111111111111111111110000000000000
000000000000001111111111111111111111111111101111111001011111111111111111111001110110111111111111111111110000000000000
000000000000001111111111111111111111111111101111111001011111111111111111111100111010011111111111111111110000000000000
000000000000001111111111111111111111111111110111111111111111111111111111111110001101011111111111111111110000000000000
000000000000001111111111111111111111111111110111111111101111111111111111111111110000101111111111111111110000000000000
000000000000001111111111111111111111111111111011111101101111111111111111111111111100101111111111111111110000000000000
000000000000001111111111111111111111111111111101111101100111111111111111111111111111001111111111111111110000000000000
000000000000000111111111111111111111111111111110111110110111111111111111111111111111111111111111111111100000000000000
000000000000000111111111111111111111111111111111001110000011111111111111111111111111111111111111111111100000000000000
000000000000000111111111111111111111111111111111110011100001111111111111111111111111111111111111111111100000000000000
000000000000000111111111111111111111111111111111111100000001111111111111111111111111111111111111111111000000000000000
000000000000000111111111111111111111111111111111111111100001111111111111111111111111111111111111111111000000000000000
000000000000000111111111111111111111111111111111111111111111111111111111111111111111111111111111111110000000000000000
000000000000000000111111111111111111111111111111111111111111111111111111111111111111111111111111111110000000000000000
000000000000000000000111111111111111111111111111111111111111111111111111111111111111111111111111100000000000000000000
000000000000000000000000011111111111111111111111111111111111111111111111111111111111111111111000000000000000000000000
000000000000000000000000000011111111111111111111111111111111111111111111111111111111111111000000000000000000000000000
000000000000000000000000000000001111111111111111111111111111111111111111111111111111110000000000000000000000000000000
000000000000000000000000000000000001111111111111111111111111111111111111111111111111000000000000000000000000000000000
000000000000000000000000000000000000000111111111111111111111111111111111111111110000000000000000000000000000000000000
000000000000000000000000000000000000000000111111111111111111111111111111111100000000000000000000000000000000000000000
000000000000000000000000000000000000000000000111111111111111111111111111100000000000000000000000000000000000000000000
000000000000000000000000000000000000000000000000111111111111111111111100000000000000000000000000000000000000000000000
000000000000000000000000000000000000000000000000000011111111111111000000000000000000000000000000000000000000000000000
000000000000000000000000000000000000000000000000000000011111110000000000000000000000000000000000000000000000000000000
