000000000000001111111111111111111111111111111111111111111111111111111111111111111111111111111111111111110000000000000
000011111111111111111111111111111111111111111111111111111111111111111111111111111111111111111111111111111111111111100
000011111111111111111111111111111111111111111111111111111111111111111111111111111111111111111111111111111111111111100
000011111111111111111111111111111111111111111111111111111111111111111111111111111111111111111111111111111111111111100
000011111111111111111111111111111111111111111111111111111111111111111111111111111111111111111111111111111111111111100
000001111111111111111111111111111111111111111111111111111111111111111111111111111111111111111111111111111111111111100
000001111111111111111111111111111111111111111111111111111111111111111111111111111111111111111111111111111111111111100
000001111111111111111111111111111111111111111111111111111111111111111111111111111111111111111111111111111111111111100
000001111111111111111111111111111111111111111111111111111111111111111111111111111111111111111111111111111111111111100
000001111111111111111111111111111111111111111111111111111111111111111111111111111100111111111111111111111111111111000
000001111111111111111111111111111111111111111111111111111111111111111111111111110011011111111111111111111111111111000
000001111111111111111000111111100000000011111111111111111111111111111111111111110111101111111111111111111111111111000
000001111111111111110011111111111111111110000000000000000000000000000001111111101111100111111111111111111111111111000
000001111111111111110111111111111111111111111111111111111111111111111110111111101111110111111111111111111111111111000
000000111111111111101111111111111111111111111111111111111111111111111111011111101111111111111111111111111111111111000
000000111111111111110111111111111111111111111111111111111111111111111111101111111111111011111111111111111111111111000
000000111111111111110111101111111111111111111111111111111111111111111111110111011111111011111111111111111111111111000
000000111111111111111011110000000000000000000000111111100000000000000000010111011111111011111111111111111111111110000
000000111111111111111100111100000000000000000000111111000000000000000000011011011111111011111111111111111111111110000
000000111111111111111111000111111111111100111111111110000111111111111111111011011111101101111111111111111111111110000
000000111111111111111111110000000000000000000000111110000000000000000000000011011111111101111111111111111111111110000
000000111111111111111111111111111111111111111110111110010111111111111111111111011000001101111111111111111111111110000
000000011111111111111111111111111111111111111110111110010111111111111111111111011000000111111111111111111111111110000
000000011111111111111111111111111111111111111110111110010111111111111111111111011000110011111111001111111111111110000
000000011111111111111111111111111111111111111110111110110111111111111111111111011000011010111110010111111111111100000
000000011111111111111111111111111111111111111110111110110111111111111111111111010111100000111110110111111111111100000
000000011111111111111111111111111111111111111110111110110111111111111111111111010111111000111101110111111111111100000
000000011111111111111111111111111111111111111110111110110111111111111111111111010111111100111101110111111111111100000
000000011111111111111111111111111111111111111110111110110000000000111111111111110111111111111011111111111111111100000
000000001111111111111111111111000000011111111000111111111111111111011111111110110111111111111011111111111111111100000
000000001111111111111111111110111111100000000011111111111111111111100111111110110111111111110111011111111111111100000
000000001111111111111111111101111111111111111111111111000000000000001011111110110111111111110111011111111111111100000
000000001111111111111111111101111111111111111111111110000000111111001101111110110111111111101110010111111111111000000
000000001111111111111111111110111000000000000000111110000110000000000111111110110111111111101110010111111111111000000
000000001111111111111111111111001110000000000011111110000000111111111111111110110111111111011100010111111111111000000
000000001111111111111111111111100011111111110001111110001111111111111111111110110101111110011100001111111111111000000
000000001111111111111111111111111000000000000001111110101111111111111111111110111101111110111000101111111111111000000
000000000111111111111111111111111111111111111101111110101111111111111111111110111101111110110001011111111111111000000
000000000111111111111111111111111111111111111101111110101111111111111111111110111101111101110000011111111111111000000
000000000111111111111111111111111111111111111101111110101111111111111111111110111101111101100010111111111111111000000
000000000111111111111111111111111111111111111101111110101111111111111111111110100101111011100101111111111111110000000
000000000111111111111111111111111111111111111101111110101111111111111111111110100101111011000101111111111111110000000
000000000111111111111111111111111111111111111101111110101111111111111111111110100101110111001011111111111111110000000
000000000111111111111111111100000000111111111001111110100000000000111111111111100101110110001011111111111111110000000
000000000011111111111111111011111110000000000011111110111111111100001111111111100101101110010111111111111111110000000
000000000011111111111111111011111111111111111111111111111111111111110111111111100101101100001111111111111111110000000
000000000011111111111111111101111111111111111111111110000000001111111011111111100101011100101111111111111111110000000
000000000011111111111111111101111111111100000001111110000111111111001011111111100101011001011111111111111111110000000
000000000011111111111111111101111000000000000001111110001111000011100101111101100101011101011111111111111111100000000
000000000011111111111111111110011100011111111111111110000011111100011101111101100100110010111111111111111111100000000
000000000011111111111111111111001111111110000001111110101111111111100001111101100100100010111111111111111111100000000
000000000011111111111111111111110000000011111101111100101111111111111111111101111101100101111111111111111111100000000
000000000011111111111111111111111111111111111101111100101111111111111111111101111111000001111111111111111111100000000
000000000001111111111111111111111111111111111001111100101111111111111111111101111110001011111111111111111111100000000
000000000001111111111111111111111111111111111001111100101111111111111111111101111110010111111111111111111111000000000
000000000001111111111111111111111111111111111001111101101111111111111111111101111100000111111111111111111111000000000
000000000001111111111111111111111111111111111011111101101111111111111111111101111000101111111111111111111111000000000
000000000001111111111111111111111111111111111011111101101111111111111111111101111001001111111111111111111111000000000
000000000001111111111111111111111111111111111011111101101111000011111111111101110001011111111111111111111111000000000
000000000001111111111111111111111111111111111011111101100001111110011111111101110000111100011100111111111111000000000
000000000001111111111111111111111111111111111011111101100111111111001111111101110010100011111110011111111111000000000
000000000000111111111111111111111111111110000011111111111110000000010011111101100100011111111111011111111111000000000
000000000000111111111111111111111110000000111111111111100000000000000000000011110111111111111111101111111111000000000
000000000000111111111111111111100011111111111111111100000011111100000111111111111111111110000000100111111110000000000
000000000000111111111111111100011111111111111111111100001110000011110111111111111110000000000000010111111110000000000
000000000000111111111111111001111111111111000111111100000011111111101111111111110000000111111111000111111110000000000
000000000000111111111111111011111111111100000011111100101111111111101111110011100000111111000000000011111110000000000
000000000000111111111111111111111111100000011111111101101111111111100110000000100000000011111111110011111110000000000
000000000000011111111111111011110010000000100111111101101111111111110111001111100101111111111111111111111100000000000
000000000000011111111111111101111000000100000111111101101111111111110001100001100101111111111111111111111100000000000
000000000000011111111111111110001111111001110111111101101111111111111100001101100101111111111111111111111100000000000
000000000000011111111111111111000000000111101111111101101111111111111111111101100101111111111111111111111100000000000
000000000000011111111111111111111111111111101111111101101111111111111111111001100101111111111111111111111100000000000
000000000000011111111111111111111111111111101111111101101111111111111111111011100101111111111111111111111100000000000
000000000000001111111111111111111111111111101111111101101111111111111111111011100101111111111111111111111100000000000
000000000000001111111111111111111111111111101111111101101111111111111111111011100101111111111111111111111100000000000
000000000000001111111111111111111111111111101111111101101111111111111111111011100101111111111111111111111100000000000
000000000000001111111111111111111111111111101111111101101111111111111111111011100101111111111111111111111000000000000
000000000000001111111111111111111111111111101111111101101111111111111111111011100101111111111111111111111000000000000
000000000000001111111111111111111111111111101111111101101111111111111111111011111101111111111111111111111000000000000
000000000000001111111111111111111111111111101111111101101111111111111111111001111110111111111111111111111000000000000
000000000000001111111111111111111111111111101111111101101111111111111111111101110110111111111111111111111000000000000
000000000000001111111111111111111111111111100111111101101111111111111111111101110011011111111111111111111000000000000
000000000000000111111111111111111111111111110111111101101111111111111111111110111001011111111111111111111000000000000
000000000000000111111111111111111111111111110111111111101111111111111111111110000100101111111111111111110000000000000
000000000000000111111111111111111111111111111011111111100111111111111111111111111000101111111111111111110000000000000
000000000000000111111111111111111111111111111101111110110111111111111111111111111100010111111111111111110000000000000
000000000000000111111111111111111111111111111100111111110111111111111111111111111111100111111111111111110000000000000
000000000000000111111111111111111111111111111110011110011011111111111111111111111111111111111111111111110000000000000
000000000000000111111111111111111111111111111111000111001011111111111111111111111111111111111111111111110000000000000
000000000000000011111111111111111111111111111111110001100101111111111111111111111111111111111111111111110000000000000
000000000000000011111111111111111111111111111111111100000001111111111111111111111111111111111111111111100000000000000
000000000000000011111111111111111111111111111111111111100000111111111111111111111111111111111111111111000000000000000
000000000000000011111111111111111111111111111111111111111111111111111111111111111111111111111111111111000000000000000
000000000000000000011111111111111111111111111111111111111111111111111111111111111111111111111111111110000000000000000
000000000000000000000011111111111111111111111111111111111111111111111111111111111111111111111111110000000000000000000
000000000000000000000000001111111111111111111111111111111111111111111111111111111111111111111100000000000000000000000
000000000000000000000000000011111111111111111111111111111111111111111111111111111111111111100000000000000000000000000
000000000000000000000000000000001111111111111111111111111111111111111111111111111111111000000000000000000000000000000
000000000000000000000000000000000000111111111111111111111111111111111111111111111111000000000000000000000000000000000
000000000000000000000000000000000000000111111111111111111111111111111111111111110000000000000000000000000000000000000
000000000000000000000000000000000000000000011111111111111111111111111111111110000000000000000000000000000000000000000
000000000000000000000000000000000000000000000011111111111111111111111111110000000000000000000000000000000000000000000
000000000000000000000000000000000000000000000000011111111111111111111100000000000000000000000000000000000000000000000
000000000000000000000000000000000000000000000000000001111111111111000000000000000000000000000000000000000000000000000
000000000000000000000000000000000000000000000000000000001111111000000000000000000000000000000000000000000000000000000
111100000001111111111111111111111111111111111111111111111111111111111111111111111111111111111111111111111100000000111
