000000000000000000000000000000000000000000000000110000000000000000000100000000000000000000000000000000000000000000000
000000000000000000000000000000000000000000000111100000000000000000000001110000000000000000000000000000000000000000000
000000000000000000000000000000000000000000111111000000000000000000000001111110000000000000000000000000000000000000000
000000000000000000000000000000000000001111111111000000000000000000000011111111111000000000000000000000000000000000000
000000000000000000000000000000000001111111111111000000000000000000000011111111111111100000000000000000000000000000000
000000000000000000000000000000001111111111111111111111111111111111110011111111111111111100000000000000000000000000000
000000000000000000000000000011111111111111111111111111111111111111111111111111111111111111100000000000000000000000000
000000000000000000000000111111111111111111111111110000111111111111111111111111111111111111111100000000000000000000000
000000000000000000000111111111111111111111111111110111100111111111111111111111111111111111111111110000000000000000000
000000000000000000111111111111111111111111111111111011111001111111111111111111111111111111111111111110000000000000000
000000000000000011111111111111111111111111111111111001111110011111111111111111111111111111111111111111100000000000000
000000000000000011111111111111111111111111111111111101111111001111111111111111111111111111111111111111100000000000000
000000000000000011111111111111111111111111111111111110111111110111111111111111111111111111111111111111100000000000000
000000000000000011111111111111111111111111111111111111011111110011111111111111111111111111111111111111100000000000000
000000000000000011111111111111111111111111111111111111101111111011111111111111111111111111111111111111100000000000000
000000000000000011111111111111111111111111111111111111101111111011111111111111111111111111111111111111100000000000000
000000000000000111111111111111111111111111111111111111101111101011111111111111111111111111111111111111110000000000000
000000000000000111111111111111111111111111111111111111011111001011111111111111111111111111111111111111110000000000000
000000000000000111111111111111111111111111111111111111011111001011111111111111111111111111111111111111110000000000000
000000000000000111111111111111111111111111111111111110111111001011111111111111111111111111111111111111110000000000000
000000000000000111111111111111111111111111111111111101111111011111111111111111111111111111111111111111110000000000000
000000000000000111111111111111111111111111111111111101111111011111111111111111111111111111111111111111110000000000000
000000000000000111111111111111111111111111111111111011111111011011111111111111111111111111111111111111110000000000000
000000000000001111111111111111111111111111111111110111111111111101111111111111111111111111111111111111110000000000000
000000000000001111111111111111111111111111111111110111111111111110111111111111111111111111111111111111111000000000000
000000000000001111111111111111111111111111111111101111111100111111011111111111111111111111111111111111111000000000000
000000000000001111111111111111111111111111111111001111110000001111101111111111111111111111111111111111111000000000000
000000000000001111111111111111111111111111111111011111100000111111110111111111111111111111111111111111111000000000000
000000000000001111111111111111111111111111111110111111100000111111111011111111111111111111111111111111111000000000000
000000000000001111111111111111111111111111111110111111000001011111111001111111111111111111111111111111111000000000000
000000000000001111111111111111111111111111111101111111000001101111111100111111111111111111111111111111111000000000000
000000000000001111111111111111111111111111111011111110001011100111111110111111111111111111111111111111111000000000000
000000000000011111111111111111111111111111111011111100010111110111111111011111111111111111111111111111111100000000000
000000000000011111111111111111111111111111110111111000000111111011111111101111111111111111111111111111111100000000000
000000000000011111111111111111111111111111101111111000101111111101111111110111111111111111111111111111111100000000000
000000000000011111111111111111111111111111101111110000011111111110111111111011111111111111111111111111111100000000000
000000000000011111111111111111111111111111011111100000011111111111011111111101111111111111111111111111111100000000000
000000000000011111111111111111111111111110111111000010111111111111011111111110111111111111111111111111111100000000000
000000000000111111111111111111111111111110111111000101111111111111100111111111011111111111111111111111111100000000000
000000000000111111111111111111111111111101111110001011111111111111110111111111101111111111111111111111111110000000000
000000000000111111111111111111111111111011111110010111111111111111111011111111100111111111111111111111111110000000000
000000000000111111111111111111111111111011111110000111111111110000000001101111110011111111111111111111111110000000000
000000000000111111111111111111111111110111111110111111000011111111111110111111111001111111111111111111111110000000000
000000000000111111111111111111111111101111100000111111111111111111111100011111111100111111111111111111111110000000000
000000000000111111111111111111111111011111000000111111111100000000000000011111111110011111111111111111111110000000000
000000000000111111111111111111111111011110000011111111111000000000000010001111111111011111111111111111111110000000000
000000000001111111111111111111111110111100001001110000000010011110000000110111111111101111111111111111111110000000000
000000000001111111111111111111111101111000010110111000111000000000001111111011111111110111111111111111111111000000000
000000000001111111111111111111111001110000101110001110001001011111111111111101111111111001111111111111111111000000000
000000000001111111111111111111111011100001011111100000100111011111111111111101111111111100111111111111111111000000000
000000000001111111111111111111110111000010111111111111110111011111111111111110111111111110011111111111111111000000000
000000000001111111111111111111101110000101111111111111110111011111111111111111011111111111001111111111111111000000000
000000000001111111111111111111011100001011111111111111110111011111111111111111101111111111100111111111111111000000000
000000000001111111111111111110011100010111111111111111100111011111111111111111110111111111111011111111111111000000000
000000000011111111111111111110111000001111111111000000001111001111111111111111110011111111111100111111111111000000000
000000000011111111111111111101110000000000000000000011111111100000000111111111111001111111111111011111111111000000000
000000000011111111111111111001100000101111111111111111111111111111111111100001111101111111111111100111111111000000000
000000000011111111111111110011000001101111111111111111111111111111111111111110111110111111111111111011111111000000000
000000000011111111111111110110000011100111111111111110001111100000000000001111011111011111111111111100111111000000000
000000000011111111111111101100100111110111111111100000000011000000000000000001011111101111111111111111011111000000000
000000000011111111111111011001001111111011100000000000111110000011111111111111011111100111111111111111100111000000000
000000000011111111111110110010011111111001111111111111101110000000000000000000111111110011111111111111111011000000000
000000000011111111111110100001111111111110001000000000101110010111111111111111111111111001110011110000001100000000000
000000000011111111111101000011111111111111100000011111101110010111111111111111111111111101110000000000000010000000000
000000000111111111111010000111111111111111111111111111101110010111110011111111111111111110011111111111111100000000000
000000000111111111110100001111111111111111111111111111101110010111110001111111111111111111000011111000000001100000000
000000000111111111101000011111111111111111111111111111101110010111111110111111111111111111111111111111111111110000000
000000000111111111010001111111111111111111111111111111101110010111111110111111111111111111111111111111111111110000000
000000000111111110000011111111111111110011111111111111101110010111111111011111111111111111111111111111111111110000000
000000000111111100000111111111111111110101111111111111101110010111111111101111111111111111111111111111111111110000000
000000001111111000011111111111111111110110111111111111101110010111110111101111111111111111111111111111111111111000000
000000001111110010111111111111111111110110111111111111101110110111110111110111111111111111111111111111111111111000000
000000001111100011111111111111111111110111011111111100101110110111110111111111111111111111111111111111111111111000000
000000001111000111111111111111111111110111111111111011101110100111110111111011111111111111111111111111111111111000000
000000001111001111111111111111111111110111101111100101101110100111110111011011111111111111111111111111111111111000000
000000001111111111111111111111111111110111100111001101101110100111110111011011111111111111111111111111111111111000000
000000001111111111111111111111111111110111110100111011101110101111100110011011111111111111111111111111111111111000000
000000011111111111111111111111111111110111111001101011101110101111101110011011111111111111111111111111111111111100000
000000011111111111111111111111111111111111111110000011101110101111101101010111111111111111111111111111111111111100000
000000011111111111111111111111111111111011111100010111101110101111101000101111111111111111111111111111111111111100000
000000011111111111111111111111111111111011111000100111101110101111111001001111111111111111111111111111111111111100000
000000011111111111111111111111111111111011000000101111101110101111011110111111111111111111111111111111111111111100000
000000011111111111111111111111111111111101000000011111101110101111000011111111111111111111111111111111111111111100000
000000011111111111111111111111111111111101100110111111101110101111000100000000000000011111111111111111111111111100000
000000011111111111111111111111111111111110010001111111101110101110000111111111111111110011111111111111111111111100000
000000111111111111111111111110111111111111000111111111101110101000111111111111111111111001111111111111111111111110000
000000111111111111111111111111001111111111111111111100001111100111111111111111111111111110111111111111111111111110000
000000111111111111111111111111000000111111111110000000111111111111111111111111111111111110111111111111111111111110000
000000111111111111111111111111101111100000000111111111111111111110000000000001111111111111011111111111111111111110000
000000111111111111111111111111101111111111111111111111100000000000000000000000000000111011011111111111111111111110000
000000111111111111111111111111110111111111111100000000000001111111111111111111111111000001011111111111111111111110000
000000111111111111111111111111111011111100000000000011111111111110000000000000111111111001011111111111111111111110000
000001111111111111111111111111111001110000000111111000000000011111111111111111110000001110111111111111111111111110000
000001111111111111111111111111111110111101111100000011111111111111111111111111111111100000111111111111111111111110000
000001111111111111111111111111111111000100000111111111111111111111111111111111111111111111111111111111111111111111000
000001111111111111111111111111111111110001111111111111111111111111111111111111111111111111111111111111111111111111000
000001111111111111111111111111111111111111111111111111111111111111111111111111111111111111111111111111111111111111000
000001111111111111111111111111111111111111111111111111111111111111111111111111111111111111111111111111111111111111000
000001111111111111111111111111111111111111111111111111111111111111111111111111111111111111111111111111111111111111000
000001111111111111111111111111111111111111111111111111111111111111111111111111111111111111111111111111111111111111000
000001111111111111111111111111111111111111111111111111111111111111111100001111111111111111111111111111111111111111000
