000011111111111111111111111111111111110011111111100000000000000000001111111111111111111111111111111111111111111111100
000011111111111111111111111111111111110011111111100000000000000000000111111111111111111111111111111111111111111111100
000011111111111111111111111111111111111111111111000000000000000000000011111111111111111111111111111111111111111111100
000011111111111111111111111111111111111111111110000000000000000000000011111111111111111111111111111111111111111111100
000011111111111111111111111111111111111111111111000000000000000000000011111111111111111111111111111111111111111111100
000011111111111111111111111111111111111111111111110000000000000100001111111111111111111111111111111111111111111111100
000011111111111111111111111111111111111111111111111111111111111111111111111111111111111111111111111111111111111111000
000011111111111111111111111111111111111111111111111111111111111111111111111111111111111111111111111111111111111111000
000001111111111111111111111111111111111111111111111111111111111111111111111100001110011111111111111111111111111111000
000001111111111111111111111111100001111111111111111111111111111111111100000011111111101111111111111111111111111111000
000001111111111111111111111111101111000011111111111111111111000000001111111111111111110111111111111111111111111111000
000001111111111111111111111111011111111110000000000000000000111111111111111111100001111011111111111111111111111111000
000001111111111111111111111111011111111111111111111111111111111111100000000000000000000101111111111111111111111111000
000001111111111111111111111111011111111111111111111111111111111000000000011111111111100010111111111111111111111110000
000001111111111111111111111111011111111111111111111110000000010000011111000000000000000100111111111111111111111110000
000000111111111111111111111111101110011111111111110000000011110000000000111111111111111000011111111111111111111110000
000000111111111111111111111111100111000000000000000000111000110010111111111111111111111111011111111111111111111110000
000000111111111111111111111111111011111000000000011111100110110010111111111100011111111111111111111111111111111110000
000000111111111111111111111111111100001111111111000000111110110111111111110111101111111111111111111111111111111110000
000000111111111111111111111111111111110000000000011100011110110111111111101111110111111111111111111111111111111110000
000000111111111111111111111111111111111111111111110011011110110111111111011111110111111111111111111111111111111110000
000000111111111111111111111111111111111111111111001111011110110111111110111111111011111111111111111111111111111100000
000000111111111111111111111111111111111111111110111110111110110111111101110000111011111111111111111111111111111100000
000000011111111111111111111111111111111111111101110010111110110111111101000011111111111111111111111111111111111100000
000000011111111111111111111111111111111111111101110010111110110111111011001011111101111111111111111111111111111100000
000000011111111111111111111111111111111111111011110100111110110111111010010101101101111111111111111111111111111100000
000000011111111111111111111111111111111111111011100101111110110111110111001101111101111111111111111111111111111100000
000000011111111111111111111111111111111111111011100101111100110111110110111110110101111111111111111111111111011100000
000000011111111111111111111111111111111111111011100101111100110110110001111110110101111111111111111111111100011100000
000000011111111111111111111111111111111111111111101101111101110110100111111111010001111111111111111111111000111000000
000000011111111111111111111111111111111111111101101101111101110110111111111111100001111111111111111111100001111000000
000000001111111111111111111111111111111111111100101111111101110110111111111111101101111111111111111111000011111000000
000000001111111111111111111111111111111111111110110111111101110110111111111111110101111111111111111110100111111000000
000000001111111111111111111111111111111111111111010111111101110110111111111111111001111111111111111000001111111000000
000000001111111111111111111111111111111111111111000111111101110110111111111111111111111111111111100100011111111000000
000000001111111111111111111111111111111111111111101111111101110110111111111111111111111111111111101000111111111000000
000000001111110000000111111110011111111111111111110011111101110110111111111111111111111111111110010001111111111000000
000000001110001111111111111111101111111111111111111111111101110110111111111111111111111111111101100011111111110000000
000000000111001111111111111111110111111111111111111111111101110110111111000000011111111111111011000111111111110000000
000000000111110111111111111111111011111111111111111111111101110110000000111111000111111111100110001111111111110000000
000000000111111001111111111111111101111111101111111111111111110111111111111111110011111111001100011111111111110000000
000000000111111110111111111111111100111111011111111111111111111111111111111111111001111110111000011111111111110000000
000000000111111111001111111111111110011111011110000000001111111111111111111111001101111101110000111111111111100000000
000000000111111111110111111111111111011111101110000000000000011111110000000000000110111011100101111111111111000000000
000000000011111111111001111111111111101111100011111111111111100000000000011111111110100111001011111111111111000000000
000000000011111111111110111111111111110111111000000000001111110000111111111111000000001110010111111111111110000000000
000000000011111111111111101111111111111011111111111111111000010000000000000011111110011100101111111111111110000000000
000000000011111111111111110011111111111101111111111111111111010000111111111111111100111000001111111111111110000000000
000000000011111111111111111001111111111110111111111111111111010001111111111111111011110001011111111111111110000000000
000000000011111111111111111110111111111110011111111111111111010001111111111111110111100010111111111111111110000000000
000000000011111111111111111111001111111111011111111111111111011101111111111111101111000101111111111111111110000000000
000000000011111111111111111111100111111111101111111111111111011101111111111111011110000001111111111111111110000000000
000000000011111111111111111111110011111111110111111111111111011100001110011110111100001011111111111111111110000000000
000000000001111111111111111111111001111111111011111111111111011111111111101101111100010111111111111111111110000000000
000000000001111111111111111111111100111111111101100001111111111111111111110011111000101111111111111111111110000000000
000000000001111111111111111111111110011111111110101111111111111111111111111111110001001111111111111111111110000000000
000000000001111111111111111111111111001111111111001110000000000000000000111111100001011111111111111111111110000000000
000000000001111111111111111111111111100111111111101000000000111111111111111111100010111111111111111111111110000000000
000000000001111111111111111111111111110011111111100011111110000000000001111111000101111111111111111111111111000000000
000000000001111111111111111111111111111001111111110000000001111111111101111110001011111111111111111111111111000000000
000000000001111111111111111111111111111100111111111011111111111111111011111100101011111111111111111111111110000000000
000000000001111111111111111111111111111110011111111101111111111111111011111100010111111111111111111111111110000000000
000000000000111111111111111111111111111111001111111110111111111111110111111000101111111111111111111111111110000000000
000000000000111111111111111111111111111111101111111111011111111111101111110000001111111111111111111111111110000000000
000000000000111111111111111111111111111111110011111111001111111111011111110001011111111111111111111111111110000000000
000000000000111111111111111111111111111111111011111111100111111110111111100010111111111111111111111111111110000000000
000000000000111111111111111111111111111111111101111111110111111110111111000001111111111111111111111111111100000000000
000000000000111111111111111111111111111111111110111111111011111101111111000101111111111111111111111111111100000000000
000000000000111111111111111111111111111111111111011111111101111011111110001011111111111111111111111111111100000000000
000000000000111111111111111111111111111111111111101111111110110011111100000111111111111111111111111111111100000000000
000000000000011111111111111111111111111111111111110111111111010111111100010111111111111111111111111111111100000000000
000000000000011111111111111111111111111111111111111011111111100111111000101111111111111111111111111111111100000000000
000000000000011111111111111111111111111111111111111101111111111111110000011111111111111111111111111111111100000000000
000000000000011111111111111111111111111111111111111110111111111111110001011111111111111111111111111111111100000000000
000000000000011111111111111111111111111111111111111111011111111111100010111111111111111111111111111111111000000000000
000000000000011111111111111111111111111111111111111111101111111111000101111111111111111111111111111111111000000000000
000000000000011111111111111111111111111111111111111111110111111111000101111111111111111111111111111111111000000000000
000000000000001111111111111111111111111111111111111111110011111110001011111111111111111111111111111111111000000000000
000000000000001111111111111111111111111111111111111111111011111100000011111111111111111111111111111111111000000000000
000000000000001111111111111111111111111111111111111111111011111100000111111111111111111111111111111111111000000000000
000000000000001111111111111111111111111111111111111111111011111000101111111111111111111111111111111111111000000000000
000000000000001111111111111111111111111111111111111111111011111000001111111111111111111111111111111111111000000000000
000000000000001111111111111111111111111111111111111111110111110001011111111111111111111111111111111111110000000000000
000000000000000111111111111111111111111111111111111111110111110010111111111111111111111111111111111111110000000000000
000000000000000111111111111111111111111111111111111111110011110010111111111111111111111111111111111111110000000000000
000000000000000111111111111111111111111111111111111111111011110010011111111111111111111111111111111111110000000000000
000000000000000111111111111111111111111111111111111111111001110111001111111111111111111111111111111111110000000000000
000000000000000111111111111111111111111111111111111111111100111101101111111111111111111111111111111111110000000000000
000000000000000111111111111111111111111111111111111111111110011100110111111111111111111111111111111111110000000000000
000000000000000111111111111111111111111111111111111111111111100110001011111111111111111111111111111111100000000000000
000000000000000111111111111111111111111111111111111111111111111001101101111111111111111111111111111111100000000000000
000000000000000111111111111111111111111111111111111111111111111110001100111111111111111111111111111111100000000000000
000000000000000111111111111111111111111111111111111111111111111111110000111111111111111111111111111111100000000000000
000000000000000000011111111111111111111111111111111111111111111111111111111111111111111111111111111110000000000000000
000000000000000000000011111111111111111111111111111111111111111111111111111111111111111111111111100000000000000000000
000000000000000000000000011111111111111111111111111111111111111111111111111111111111111111111000000000000000000000000
000000000000000000000000000011111111111111111111111111111111111111111111111111111111111111100000000000000000000000000
000000000000000000000000000000001111111111111111111111111111111111111111111111111111111000000000000000000000000000000
000000000000000000000000000000000000111111111111111111111111111111111111111111111110000000000000000000000000000000000
000000000000000000000000000000000000000111111111111111111111111111111111111111110000000000000000000000000000000000000
000000000000000000000000000000000000000000111111111111111111111111111111111110000000000000000000000000000000000000000
000000000000000000000000000000000000000000000011111111111111111111111111100000000000000000000000000000000000000000000
000000000000000000000000000000000000000000000000111111111111111111111100000000000000000000000000000000000000000000000
000000000000000000000000000000000000000000000000000001111111111111000000000000000000000000000000000000000000000000000
