000000000000000000000000000000000000000000000000100000000000000000000000000000000000000000000000000000000000000000000
000000000000000000000000000000000000000000000111100000000000000000001111000000000000000000000000000000000000000000000
000000000000000000000000000000000000000001111110000000000000000000000011111100000000000000000000000000000000000000000
000000000000000000000000000000000000000111111110000000000000000000000011111111100000000000000000000000000000000000000
000000000000000000000000000000000001111111111110000000000000000000000011111111111100000000000000000000000000000000000
000000000000000000000000000000001111111111111110000000000000000000000111111111111111110000000000000000000000000000000
000000000000000000000000000011111111111111111110000000000000000000000111111111111111111110000000000000000000000000000
000000000000000000000000011111111111111111111110000000000000000000000111111111111111111111111000000000000000000000000
000000000000000000000111111111111111111111111110000000000000000000000011111111111111111111111111000000000000000000000
000000000000000000111111111111111111111111111111000000000000000000000011111111111111111111111111111100000000000000000
000000000000000011111111111111111111111111111111111111111111011011111111111111111111111111111111111111000000000000000
000000000000000011111111111111111111111111111111111111111111011100111111111111111111111111111111111111000000000000000
000000000000000111111111111111111111111111111111111111111111111110011111111111111111111111111111111111000000000000000
000000000000000111111111111111111111111111111111111111111111101111101111111111111111111111111111111111000000000000000
000000000000000111111111111111111111111111111111111111111111101111100111111111111111111111111111111111100000000000000
000000000000000111111111111111111111111111111111111111111111101111110111111111111111111111111111111111100000000000000
000000000000000111111111111111111111111111111111111111111111110111111011111111111111111111111111111111100000000000000
000000000000000111111111111111111111111111111111111111111111110111111101111111111111111111111111111111100000000000000
000000000000001111111111111111111111111111111111111111111111110111111101111111111111111111111111111111100000000000000
000000000000001111111111111111111111111111111111111111111111110111111110111111111111111111111111111111100000000000000
000000000000001111111111111111111111111111111111111111111111110111111110111111111111111111111111111111100000000000000
000000000000001111111111111111111111111111111111111111111111001111110010111111111111111111111111111111110000000000000
000000000000001111111111111111111111111111111111111111111100111111110010111111111111111111111111111111110000000000000
000000000000001111111111111111111111111111111111111111111011111111100010111111111111111111111111111111110000000000000
000000000000001111111111111111111111111111111111111111100111111111000111111111111111111111111111111111110000000000000
000000000000001111111111111111111111111111111111111110011111111100000001111111111111111111111111111111110000000000000
000000000000001111111111111111111111111111111111111100111111111001001011111111111111111111111111111111110000000000000
000000000000011111111111111111111111111111111111110011111111100000000111111111111111111111111111111111110000000000000
000000000000011111111111111111111111111111111111101111111110000000001111111111111111111111111111111111110000000000000
000000000000011111111111111111111111111111111110011111111100000100111111111111111111111111111111111111111000000000000
000000000000011111111111111111111111111111111001111111111000001001111111111111111111111111111111111111111000000000000
000000000000011111111111111111111111111111110111100000111000000111111111111111111111111111111111111111111000000000000
000000000000011111111111111111111111111111001111100000111000011111111111111111111111111111111111111111111000000000000
000000000000011111111111111111111111111100111111111111111001011111111111111111111111111111111111111111111000000000000
000000000000111111111111111111111111111000000000000001111011011111111111111111111111111111111111111111111000000000000
000000000000111111111111111111111111111111111111111101111011011111111111111111100011111111111111111111111000000000000
000000000000111111111111111111111111111111111111111101111011011111111111111110011100111111111111111111111000000000000
000000000000111111111111111111111111111111111111111111111111011111111111110011111111011111111111111111111100000000000
000000000000111111111111111111111111111111111111111111111111011111111100001111111111100111111111111111111100000000000
000000000000111111111111111111111111111111111111111111111111011000000111111111111111111011111111111111111100000000000
000000000000111111111111111100011111111111111100000001111111000011111111111111111100011101111111111111111100000000000
000000000000111111111111111101111000000000011111111111111111111111111111110000000000000101111111111111111100000000000
000000000001111111111111111110111111111111111111111111111111111111111000000000000011111011111111111111111100000000000
000000000001111111111111111110111111111111111111100000111111100000000000001111100000000111111111111111111100000000000
000000000001111111111111111111011111111111111000000000111100000000000111111000000111111111111111111111111100000000000
000000000001111111111111111111011111111100000000011111111000001111100000001111111111111111111111111111111110000000000
000000000001111111111111111111101110000000000001110000111000011000001111111111111111111111111111111111111110000000000
000000000001111111111111111111110111000111111000011110111000001111111111111111111111111111111111111111111110000000000
000000000001111111111111111111111011111110000111111110111001010111111111111111111111111111111111111111111110000000000
000000000001111111111111111111111100000001111111111110111001010100111111111111111111111111111111111111111110000000000
000000000011111111111111111111111111111111111111111111111001010110001111111111111111111111111111111111111110000000000
000000000011111111111111111111111111111101110001111110111001010011110111111111111111111111111111111111111110000000000
000000000011111111111111111111111111111101111100111110111001011011111001111111111111111111111111111111111110000000000
000000000011111111111111111111111111111101111111011110111001011101111110111111111111111111111111111111111111000000000
000000000011111111111111111111111111111101111111011110111001011101111111001111111111111111111111111111111111000000000
000000000011111111111111111111111111111101111111111110111001011110111111110011111111111111111111111111111111000000000
000000000011111111111111111111111111111110111101101110111001011111011111111001111111111111111111111111111111000000000
000000000011111111111111111111111111111110111001111110111001011111101111111110111111111111111111111111111111000000000
000000000111111111111111111111111111111110111001111110011001011111100111111111011111111111111111111111111111000000000
000000000111111111111111111111111111111100111001011111011010011111110011111111101111111111111111111111111111000000000
000000000111111111111111111111111111111101111001011111011010111111111011111111110111111111111111111111111111100000000
000000000111111111111111111111111111111011110000011111011010111111111101111111111001111111111111111111111111100000000
000000000111111111111111111111111111110111110010111111101110111111111110111111111100111111111111111111111111100000000
000000000111111111111111111111111111100111101010111111110101111111111111011111111110011111111111111111111111100000000
000000000111111111111111111111111111001111100101111111111001111111111111101111111111001111111111111111111111100000000
000000001111111111111111111111111111011111100101111111111111111000000000001111111111100111111111111111111111100000000
000000001111111111111111111111111110111111101001100000000000000001111111111111111111110111111111111111111111100000000
000000001111111111111111111111111101111111101001111111111111111111111111111100000111111011111111111111111111100000000
000000001111111111111111111111111011110000001111111111111111111111111111111000000111111101111111111111111111110000000
000000001111111111111111111111110111100000010000111000000000000000000000011000011111111110111111111111111111110000000
000000001111111111111111111111101111000001110000111111111111111100000000011000001111111110111111111111111111110000000
000000001111111111111111111111011100100100110000000000000000000000111111111001000111111111011111111111111111110000000
000000001111111111111111111110111000011010110101111111111100000000000000111001011011111111011111111111111111110000000
000000011111111111111111111101100001100110111101111111111111111111111110011001011101111111101111111111111111110000000
000000011111111111111111111011100010011110111101111111111111111111111110011111111110111101101111111111111111110000000
000000011111111111111111110110011001111110111101111111111111111111111110011111111111001110110111111111111111111000000
000000011111111111111111101111100111111110111101111111111111111111111110111101111111100110010111111111111111111000000
000000011111111111111110011000011111111110111101111111111111111111111110111101111111110011011011111111111111111000000
000000011111111111111100000011111111111110111111111111110000000000000110111101111111111101101011111111111111111000000
000000011111111111111000111111111111111110111111110000011111111110111000111101111111111110111011111111111111111000000
000000111111111111111111111111111111111110111110000111111111111100000011111101101111111111011011111111111111111000000
000000111111111111111111111111111111111110111111111111000000000001110001111101101111111111110111111111111111111000000
000000111111111111111111111111111111111110111100000000000000111110000101111101101111111111111111111111111111111100000
000000111111111111111111111111111111111111111000011111111100000001111101111101101111111111111111111111111111111100000
000000111111111111111111111111111111111101111000000000000000111111111111111101101111111111111111111111111111111100000
000000111111111111111111111111111111111101111001011111111111111111111111111101111111111111111111111111111111111100000
000000111111111111111111111111111111111101111001011111111111111111111111111101111111111111111111111111111111111100000
000001111111111111111111111111111111111101111010011111111111111111111111111001111111111111111111111111111111111100000
000001111111111111111111111111111111111101111010111111111111111111111110111001011111111111111111111111111111111100000
000001111111111111111111111111111111111101110010111111111111111111100000111001011111111111111111111111111111111100000
000001111111111111111111111111111111111101110010000000000000000000000001111001011111111111111111111111111111111110000
000001111111111111111111111111111111111101110001111111111111111111111111111001011111111111111111111111111111111110000
000001111111111111111111111111111111111100111000011111000000000000111111110001011111111111111111111111111111111110000
000001111111111111111111111111111111111110001111111111111111111111111101110000011111111111111111111111111111111110000
000001111111111111111111111111111111111111000000000000000000000000000000111010111111111111111111111111111111111110000
000001111111111111111111111111111111111111111111111111111111111111111111001000111111111111111111111111111111111110000
000011111111111111111111111111111111111111111111111111111111111111111111100011111111111111111111111111111111111110000
000011111111111111111111111111111111111111111111111111111111111111111111111111111111111111111111111111111111111110000
000011111111111111111111111111111111111111111111111111111111111111111111111111111111111111111111111111111111111110000
000011111111111111111111111111111111111111111111111111111111111111111111111111111111111111111111111111111111111111000
000011111111111111111111111111111111111111111111111111111111111111111111111111111111111111111111111111111111111111000
