000111111111111111111111111111111111111111111111111111111111111111111111111111111111111111111111111111111111111111100
000011111111111111111111111111111111111111111111111111111111111111111111111111111111111111111111111111111111111111100
000011111111111111111111111111111111111111111111111111111111111111111111111111111111111111111111111111111111111111100
000011111111111111111111111111111111111111111111111111111111111111111111111111111111111111111111111111111111111111100
000011111111111111111111111111111111111111111111111111111111111111111111111111111111111111111111111111111111111111100
000011111111111111111111111111111111111111111111111111111111111111111111111111111111111111111111111111111111111111000
000011111111111111111111111111111111111111111111111111111111111111111111111111111111111111111111111111111111111111000
000011111111111111111111111111111111111100111111111111111111111111111111111111111111111111111111111111111111111111000
000001111111111111111111111111111111111100110111111111111111111111111111111111111111111111111111111111111111111111000
000001111111111111111111111111111111111011111000000000000000000000000000001111111111111111111111111111111111111111000
000001111111111111111111111111111111111011111111111111111111111111111111110011111111111111111111111111111111111111000
000001111111111111111111111111111111110111111111111100000000000011111111111001111111111111111111111111111111111111000
000001111111111111111111111111111111110111100001111111111111111111111111111101111111111111111111111111111111111110000
000001111111111111111111111111111111110111100011000000000000000000000011111101111111111111111111111111111111111110000
000001111111111111111111111111111111110111100011111111111111111111111011101101111111111111111111111111111111111110000
000001111111111111111111111111111111111111001011111111111111111111111011100101111111111111111111111111111111111110000
000000111111111111111111111111111111111111101111111111111111111111111011100101111111111111111111111111111111111110000
000000111111111111111111111111111111111111101111111111111111111111110111101101111111111111111111111111111111111110000
000000111111111111111111111111111111111111101111111111111111111111100111101101111111111111111111111111111111111110000
000000111111111111111111111111111111111111101111111111110000000000001111101111111111111111111111111111111111111110000
000000111111111111111111111111111111111111101111111000011111111111111111001111111111111111111111111111111111111100000
000000111111111111111111111111111111111111101111000111111111110000001111001011111111111111111111111111111111111100000
000000111111111111111110001111111111111111000100111110011000000111111011001011111111111111111111111111111111111100000
000000011111111111111110110011111111111111000101111110011111111110000111001011111111111111111111111111111111111100000
000000011111111111111110111001111111111111001010000000000000000011111111001011111111111111100000111111111111111100000
000000011111111111111110111110111111111111001011111111111111111111111111001011111111111100011011111111111111111100000
000000011111111111111111011111011111111111001011111111111111111111111101001011111111100011100111111111111111111100000
000000011111111111111111011111100111111111011011111111111111111111111101001011111110011100001111111111111111111100000
000000011111111111111111101111111011111111010011111111111111111111111101001011110011110010111111111111111111111000000
000000011111111111111111101111111101110111010011111111111111111111111101001011100111000101111111111111111111111000000
000000011111111111111111101111111110110111011000111111111111111111111101111010011110001011111111111111111111111000000
000000001111111111111111110111111111010111011100000000000000000000000001111001111100010111111111111111111111111000000
000000001111111111111111111011111111100111111111111111111111111111111111111111110000101111111111111111111111111000000
000000001111111111111111111011111111110111111111111111111111111111111011111111100001011111111111111111111111111000000
000000001111111111111111111101111111111110000000000000000000000111111111111111000010111111111111111111111111111000000
000000001111111111111111111110111111111100000000000001111111111111111100111111000101111111111111111111111111111000000
000000001111111111111111111110011111111100000111111000000000000000011110111100001011111111111111111111111111110000000
000000001111111111111111111111001111111100000000000111111111111111111101111100010111111111111111111111111111110000000
000000001111111111111111111111100111111100100111111111111100111111111101111000101111111111111111111111111111110000000
000000000111111111111111111111110011111111110111111111111111001111111011110000001111111111111111111111111111110000000
000000000111111111111111111111111001111111111011111111111011101111111011100000011111111111111111111111111111110000000
000000000111111111111111111111111110111111111100111111111011110111110111000000111111111111111111111111111111110000000
000000000111111111111111111111111111011111111110111111110011110111110111000101111111111111111111111111111111110000000
000000000111111111111111111111111111101111111111011111110111110111110111001011111111111111111111111111111111110000000
000000000111111111111111111111111111110011111111101111110111111011111111001011111111111111111111111111111111100000000
000000000111111111111111111111111111111001111111110111110111111011111111011011111111111111111111111111111111100000000
000000000011111111111111111111111111111110011110110011110111111011111111111011111111111111111111111111111111100000000
000000000011111111111111111111111111111111001111011011110111001011110111111101111111111111111111111111111111100000000
000000000011111111111111111111111111111111110011001101110111001011110111000101111111111111111111111111111111100000000
000000000011111111111111111111111111111111111101111000110111001011111011100101111111111111111111111111111111100000000
000000000011111111111111111111111111111111111110011000110111111111111100111101111111111111111111111111111111100000000
000000000011111111111111111111111111111111111111100101010111101111111111000011111111111111111111111111111111100000000
000000000001111111111111111111111111111111111111111001010111001111111111111111000011111111111111111111111111000000000
000000000001111111111111111111111111111111111111111110010111001011111111000000011100111111111111111111111111000000000
000000000001111111111111111111111111111111111111111111110111001011110000111111111111011111111111111111111111000000000
000000000001111111111111111111111111111111111111110000001111111000001111111111111111101111111111111111111111000000000
000000000001111111111111111111111111111111100000111111111111111111111111111111111111110111111111111111111111000000000
000000000001111111111111111111111111100000011111111111111111111111111111111111111111110111111111111111111111000000000
000000000001111111111111111111000001111111111111111111011111110000000000000000000000011011111111111111111111000000000
000000000001111111111111111110011111111111111110000000000011100000000001111111111111110011111111111111111110000000000
000000000001111111111111111101111111111110000000000111111111100001111000000000000000000101111111111111111110000000000
000000000001111111111111111100111111111000000000111111110111100000000001111111111111110001111111111111111110000000000
000000000000111111111111111110111110000000100100000001110111101111111111111111111111111111111111111111111110000000000
000000000000111111111111111111001111000011100011111111110111101111111111111111111111111111111111111111111110000000000
000000000000111111111111111111110011111000111111111111110111101101111111111111111111111111111111111111111110000000000
000000000000111111111111111111111001110011111111111111110111101101111111111111111111111111111111111111111110000000000
000000000000111111111111111111111110011111111111111111110011101101111111111111111111111111111111111111111110000000000
000000000000111111111111111111111111111111111111111111110111101100000000000000111111111111111111111111111100000000000
000000000000011111111111111111111111111111111111111111110111111111111110110011111111111111111111111111111100000000000
000000000000011111111111111111111111111111111111111111100111111111110000001111111111111111111111111111111100000000000
000000000000011111111111111111111111111111111111111110011111111100000010111111111111111111111111111111111100000000000
000000000000011111111111111111111111111111111111111001111111111000001001111111111111111111111111111111111100000000000
000000000000011111111111111111111111111111111111110111111111100000100111111111111111111111111111111111111100000000000
000000000000011111111111111111111111111111111111001111111111000001001111111111111111111111111111111111111100000000000
000000000000011111111111111111111111111111111110011111111000000100111111111111111111111111111111111111111100000000000
000000000000011111111111111111111111111111111100111111110000010011111111111111111111111111111111111111111000000000000
000000000000011111111111111111111111111111111101111111000000101111111111111111111111111111111111111111111000000000000
000000000000001111111111111111111111111111111011111110000010011111111111111111111111111111111111111111111000000000000
000000000000001111111111111111111111111111111011111100001001111111111111111111111111111111111111111111111000000000000
000000000000001111111111111111111111111111111011111100010111111111111111111111111111111111111111111111111000000000000
000000000000001111111111111111111111111111111011111100001111111111111111111111111111111111111111111111111000000000000
000000000000001111111111111111111111111111111011111101011111111111111111111111111111111111111111111111110000000000000
000000000000001111111111111111111111111111111101111101011111111111111111111111111111111111111111111111110000000000000
000000000000001111111111111111111111111111111101111101011111111111111111111111111111111111111111111111110000000000000
000000000000000111111111111111111111111111111110111101001111111111111111111111111111111111111111111111110000000000000
000000000000000111111111111111111111111111111111011101101111111111111111111111111111111111111111111111110000000000000
000000000000000111111111111111111111111111111111001100101111111111111111111111111111111111111111111111110000000000000
000000000000000111111111111111111111111111111111110110101111111111111111111111111111111111111111111111110000000000000
000000000000000111111111111111111111111111111111111011010111111111111111111111111111111111111111111111110000000000000
000000000000000111111111111111111111111111111111111001000111111111111111111111111111111111111111111111100000000000000
000000000000000011111111111111111111111111111111111110110111111111111111111111111111111111111111111111100000000000000
000000000000000011111111111111111111111111111111111111000011111111111111111111111111111111111111111111100000000000000
000000000000000011111111111111111111111111111111111111100011111111111111111111111111111111111111111111100000000000000
000000000000000000011111111111111111111111111111111111111111111111111111111111111111111111111111111100000000000000000
000000000000000000000011111111111111111111111111111111111111111111111111111111111111111111111111100000000000000000000
000000000000000000000000011111111111111111111111111111111111111111111111111111111111111111111100000000000000000000000
000000000000000000000000000011111111111111111111111111111111111111111111111111111111111111100000000000000000000000000
000000000000000000000000000000001111111111111111111111111111111111111111111111111111111000000000000000000000000000000
000000000000000000000000000000000000111111111111111111111111111111111111111111111111000000000000000000000000000000000
000000000000000000000000000000000000000111111111111111111111111111111111111111110000000000000000000000000000000000000
000000000000000000000000000000000000000000011111000000000000000000000111111110000000000000000000000000000000000000000
000000000000000000000000000000000000000000000110000000000000000000000011100000000000000000000000000000000000000000000
