000000000000011111111111111111111111111111111111111000000000000000111111111111111111111111111111111111111000000000000
000000000000111111111111111111111111111111111111111000000000000000011111111111111111111111111111111111111100000000000
000000000001111111111111111111111111111111111111110000000000000000011111111111111111111111111111111111111110000000000
000000000011111111111111111111111111111111111100000000000000000000000011111111111111111111111111111111111110000000000
000000000111111111111111111111111111111111111100000000000000000000000011111111111111111111111111111111111110000000000
000000001111111111111111111111111111111111111110000000000000000000000011111111111111111111111111111111111111100000000
000000011111111111111111111111111111111111111110000000000000000000000011111111111111111111111111111111111111110000000
000000111111111111111000000001111111111111111110000000000000000000000111111111111111111111111111111111111111110000000
000001111111111111100000000000011111111111111111111111111111111111111111111111111111111111111111111111111111111100000
000011111111111110000011111100001111111111111111111111111111111111111111111111111111111111111111111111111111111110000
000111111111111100001111111111000111111111111111111111111111111111111111111111111111111111111111111111111111111110000
001111111111111000111111111111100011111111111111111111111111111111111111111111111111111111111111111111111111111111110
011111111111110001111111111111110001111111111111111111111111111111111111111111111111111100000000011111111111111111110
011111111111110001111111111111111001111111111111111111111111111111111111111111111111000000000000001111111111111111110
001111111111110001111111111111111000111111111111111111111111111111111111000000000000000011111110000111111111111111110
001111111111110001111111111111111100111111111111111111111110000000000000000000000001111111111111100011111111111111110
001111111111111001111111111111111111000000000000000000000000000000000000011111111111111111111111110011111111111111110
001111111111111000111111111111111111100000000000000000001111111111111111111111111111111111111111111001111111111111100
001111111111111100011111111111111111111111111111111111111111111111111111111111111111111111111111111001111111111111100
001111111111111110001111111111111111111111111111111111111111111111101111111111111111111111111111111100111111111111100
001111111111111111001111111111111111111111111111111111111111111110000000000111111111111111111111111100111111111111100
001111111111111111100111111111111111111111111111111100011111111110110000000000000000000001111111111100011111111111100
000111111111111111100111111000000000000000000000000000000111111110100000000000000000000000000001111110011111111111100
000111111111111111100111110011000000000000000000000000011111111110000000000000000000000000000000000000011111111111000
000111111111111111100111110010000000000000000000000000001111111110001111111111111100000000000000000000001111111111000
000111111111111111100111110000000000000000000011111111101111111110001111111111111111111111000000000000001111111111000
000111111111111111100111110000111111111111111111111111101111111110001111111111111111111111111111100000001111111111000
000111111111111111100111111010011111111111111111111111100111111110000111111111111111111111111111111111001111111111000
000111111111111111100111111111001111111111111111111111100111111110000111111111111111111111111111111111111111111111000
000011111111111111100011111111000111111111111111111111100111111110000111111111111111111111111111111111111111111111000
000011111111111111110011111111100011111111111111111111100111111110000111111111111111111111111111111111111111111111000
000011111111111111110011111111110001111111111111111111100111111110000111111111111111111111111111111111111111111110000
000011111111111111111001111111111001111111111111111111100111111110000111111111111111111111111111111111111111111110000
000011111111111111111000111111111100111111111111111111100111111110000111111111111111111111111111111111111111111110000
000011111111111111111100111111111110011111111111111111100111111110000111111111111111111111111111111111111111111110000
000011111111111111111110001111111111001111111111111111100111111110000111111111111111111111111111111111111111111110000
000011111111111111111111000110111111100111111111111111100111111110000111111111111111111111111111111111111111111110000
000001111111111111111111100011001111110001111111111111100111111110000111111111111111111111111111111111111111111110000
000001111111111111111111110000111011111000111111111111100111111111000111111111111111111111111111111111111111111100000
000001111111111111111111111100001100111100011111111111100111111111000111111111111111111111111111111111111111111100000
000001111111111111111111111111000000001110001111111111100111111111000111111111111111111111111111111111111111111100000
000001111111111111111111111111110000100011000111111111100111111111000111111111111111111111111111111111111111111100000
000001111111111111111111111111111000001000000011111111100111111111010111111111111111111111111111111111111111111100000
000001111111111111111111111111111110000000000001111111101111111111010011111111111111111111111111111111111111111100000
000000111111111111111111111111111111100000000001111111101111111111011000000000011111111111111111111111111111111100000
000000001111111111111111111111111111111000000000111111001111111111011111100000000011111111111111111111111111001100000
000000000111111111111111111111111111111111000001111110011111111111111111111111100000111111111111111111111110000000000
000000000111111111111111111111111111111111111111111000111111111111111111111111111000011111111111111111111110000000000
000000000111111111111111111111111111111111000000000001111111111111111111111111111110001111111111111111111110000000000
000000000111111111111111111111100000000000000000001111111111111111111111111111111111000111111111111111111110000000000
000000000111111111111111111110000000000111111111111111111111111111111111111111111111000111111111111111111110000000000
000000000111111111111111111100001111111111111111111111111111111110000000000011111111110011111111111111111110000000000
000000000111111111111111111110001111111111111111111111111111111100110000000000000000010011111111111111111110000000000
000000000111111111111111111110000111111111111111111111111111111100100000000000000110000001111111111111111110000000000
000000000111111111111111111111000111111111111111111111111111111110000000000000000000000001111111111111111110000000000
000000000111111111111111111111100000000000000000000000001111111100001111111111100000000001111111111111111110000000000
000000000111111111111111111111111000000000000000000000111111111100001111111111111111111111111111111111111110000000000
000000000111111111111111111111111100000000000000000000011111111100001111111111111111111111111111111111111110000000000
000000000111111111111111111111111111111111111111111111011111111000001111111111111111111111111111111111111110000000000
000000000111111111111111111111111111111111111111111111011111111000011111111111111111111111111111111111111110000000000
000000000111111111111111111111111111111111111111111111001111111000011111111111111111111111111111111111111110000000000
000000000111111111111111111111111111111111111111111111001111111000011111111111111111111111111111111111111110000000000
000000000111111111111111111111111111111111111111111111001111111000011111111111111111111111111111111111111110000000000
000000000111111111111111111111111111111111111111111111001111111000111111111111111111111111111111111111111110000000000
000000000111111111111111111111111111111111111111111111001111110000111111111111111111111111111111111111111110000000000
000000000111111111111111111111111111111111111111111111001111110000111111111111111111111111111111111111111110000000000
000000000111111111111111111111111111111111111111111111001111110000111111111111111111111111111111111111111110000000000
000000000111111111111111111111111111111111111111111111001111100000111111111111111111111111111111111111111111000000000
000000000111111111111111111111111111111111111111111111001111100001111111111111111111111111111111111111111111100000000
000000000111111111111111111111111111111111111111111111001111100001111111111111111111111111111111111111111111000000000
000000000111111111111111111111111111111111111111111111100111100001111111111111111111111111111111111111111111000000000
000000000111111111111111111111111111111111111111111111101111100001111111111111111111111111111111111111111111000000000
000000000111111111111111111111111111111111111111111111100111000011111111111111111111111111111111111111111111000000000
000000000111111111111111111111111111111111111111111111100111000011111111111111111111111111111111111111111111000000000
000000000111111111111111111111111111111111111111111111100111000011111111111111111111111111111111111111111111000000000
000000000011111111111111111111111111111111111111111111100110000011111110000000000011111111111111111111111111000000000
000000000011111111111111111111111111111111111111111111101110010111100000000000000000111111111111111111111110000000000
000000000011111111111111111111111111111111111111111111101110010110000011111111111100001111111111111111111110000000000
000000000011111111111111111111111111111100000000000001101110010000111111111111111111000111111111111111111110000000000
000000000011111111111111111111111000000000000000000000111111111111111111111111111111100011111111111111111110000000000
000000000011111111111111111111000000011111111111111111111111111111111111111111111111111001111111111111111110000000000
000000000011111111111111111000001111111111111111111111111111111111111111111111111111111000111111111111111110000000000
000000000001111111111111110001111111111111111111111111111111111111111111111111111111111100011111111111111110000000000
000000000001111111111111100011111111111111111111111111111111111111111111111111111111111110011111111111111100000000000
000000000001111111111111000111111111111111111111111111111111111111111111110000000000000110011111111111111100000000000
000000000001111111111111001111111111111111111111111111111110000000000000000000000000111111001111111111111100000000000
000000000001111111111111001111111111111111111111111111000000000000000000000000000000011101001111111111111100000000000
000000000001111111111111001111111111111111111110000000000000000000000000000000000000000110000111111111111100000000000
000000000001111111111111001111111111111111111100000000000000000000000001111111111111110000000111111111111100000000000
000000000000111111111111000111111111111111100010000000000001111111111111111111111111111000000111111111111100000000000
000000000000111111111111100110001111111110001000000000111111111111111111111111111111111100000111111111111100000000000
000000000000111111111111100001100000000000000000011111111111111111111111111111111111111110000011111111111000000000000
000000000000111111111111111000000000000000000001111111111111111111111111111111111111111111000011111111111000000000000
000000000000111111111111111110000000000000001111111111111111111111111111111111111111111111100011111111111000000000000
000000000000111111111111111111111000000011111111111111111111111111111111111111111111111111111011111111111000000000000
000000000000111111111111111111111111111111111111111111111111111111111111111111111111111111111111111111111000000000000
000000000000111111111111111111111111111111111111111111111111111111111111111111111111111111111111111111111000000000000
000000000000011111111111111111111111111111111111111111111111111111111111111111111111111111111111111111110000000000000
000000000000000011111111111111111111111111111111111111111111111111111111111111111111111111111111111110000000000000000
000000000000000000011111111111111111111111111111111111111111111111111111111111111111111111111111110000000000000000000
000000000000000000000001111111111111111111111111111111111111111111111111111111111111111111111100000000000000000000000
000000000000000000000000001111111111111111111111111111111111111111111111111111111111111111100000000000000000000000000
000000000000000000000000000000111111111111111111111111111111111111111111111111111111111000000000000000000000000000000
000000000000000000000000000000000111111111111111111111111111111111111111111111111111000000000000000000000000000000000
000000000000000000000000000000000000011111111111111111111111111111111111111111111000000000000000000000000000000000000
000000000000000000000000000000000000000011111111111111111111111111111111111111000000000000000000000000000000000000000
000000000000000000000000000000000000000000001111111111111111111111111111110000000000000000000000000000000000000000000
000000000000000000000000000000000000000000000010000000000000000000000100000000000000000000000000000000000000000000000
000000000000011111111111111111111111111111111111110000000000000000011111111111111111111111111111111111110000000000000
