000000000000000000001111111111111111111111111111000000000000000000000111111111111111111111111111110000000000000000000
000000000000000000001111111111111111111111111100000000000000000000000111111111111111111111111111100000000000000000000
000000000000000000001111111111111111111111110011000000000000000000000011111111111111111111111111100000000000000000000
000000000000000000011111111111111111111111001110000000000000000000000011111111111111111111111111111000000000000000000
000000000000000001111111111111111111111100111111000000000000000000000011111111111111111111111111111100000000000000000
000000000000000011111111111111111111111001111111111100111111000100011111111111111111111111111111111110000000000000000
000000000000000111111111111111111111110111111111111110111111111111111111111111111111111111111111111111000000000000000
000000000000001111111111111111111111001111111111111111011111111111111111111111111111111111111111111111100000000000000
000000000000011111111111111111111110111111111111111111101111111111111111111111111111111111111111111111110000000000000
000000000000111111111111111111111101111111111111111111110111111111111111111111111111111111111111111111111000000000000
000000000001111111111111111111110011111111111111111111111011111111111111111111111111111111111111111111111100000000000
000000000011111111111111111111101111111111111111111111111101111111111111111111111111111111111111111111111110000000000
000000000111111111111111111110011111111111110000000000111110111111111111111111111111111111111111111111111111000000100
000000001111111111111111111100111111111111000000111000000111011111111111111111111111111111111111111111111111100000110
001000011111111111111111111011111111111110000000001111110000101111111111111111111111111111111111111111111111110000110
001100111111111111111111110111111111111000001101110001111100010111111111111111111111111111111111111111111111111100110
000111111111111111111111101111111111110000000111111111000011000011111111111111111111111111111111111111111111111111100
000111111111111111111111011111111111100000101111111111111100010001111111111111111111111111111111111111111111111111100
000111111111111111111110111111111110000010011111111111111111110000111111111111111111111111110001111111111111111111100
000111111111111111111101111111111100000001111111111111111111111111111111111111111111111111001110111111111111111111100
000111111111111111111011111111111000000011111111111111111111111111111111111111111111111100111111011111111111111111100
000111111111111111110111111111110000101111111111111111111111111111111111110111111111110001111111101111111111111111100
000111111111111111101111111110000001011111111111111111111111111111111111011100111111101111111111110011111111111111100
000111111111111111011111111110000010111111111111111111111111111111111110111111000000011111111111111001111111111111100
000011111111111111011111111110000101111111111111111111111111111111111110111111111111111111111111111100111111111111000
000011111111111111111111111100001011111111111111111111111111111111111101111111111111110000000000000110011111111111000
000011111111111110111111111100010111111111111111111111111111111111111011111111111100000111111111110001101111111111000
000011111111111110111111111000101111111111111111111111111111111111100111111111111001001111111111111110101111111111000
000011111111111110111111111000001111111111111111000000000000000001111110001111110010100000000000000000001111111111000
000011111111111100111111110001011111111111111000111111111111111111110110000001100001011111111111111111111111111111000
000011111111111111111111110010111111111111000001111111111111111100001111111110000000111111111111111111111111111110000
000001111111111101111111110010111111111100000000001111111111110000010000001111000101111111111111111111111111111110000
000001111111111101111111110011111111111111111111111001111000000000001111110001110011111111111111111111111111111110000
000001111111111111111111110101111111111111111111111110011110000010111111111110001111111111111111111111111111111110000
000001111111111110111111110101111111111111111111111111100011111001111111111111111111111111111111111111111111111110000
000001111111111110111111110100111111111111111111111111111000000011111111111111111111111111111111111111111111111110000
000001111111111110111111110110111111111111111111111111111111111111111111111111000001111111111111111111111111111110000
000001111111111110111111111110111111111111111111111111111111111111111111111000111110011111111111111111111111111110000
000001111111111110111111111111011111111111111111111111111111111111111110001111111111100111111111111111111111111100000
000000111111111111111111111111011111111111111111111111111111111111100001111111111111111011111111111111111111111100000
000000111111111111011111111111101111111111111111111111111111110000111111111111111111111100111111111111111111111100000
000000111111111111101111111111110111111111111111111111111000000111111111111111111111111110011111111111111111111100000
000000111111111111101111111111111001111111111111110000001111111111111111111111111111111111101111111111111111111100000
000000000111111111110111111111111110000000000000000111111111111111111111100000111111111111101111111111111111000000000
000000000111111111111011111111111111111111111111111111111111111111000000000000111111111111111111111111111111000000000
000000000011111111111101111011111111111111111111111111111111110000000000011111111111111111110111111111111111000000000
000000000111111111111110111100011111111111111111111110000000000000111111000001111111111110110111111111111111000000000
000000000111111111111111001111000001111111000000000000000000011111110000011101111111111110110111111111111111000000000
000000000111111111111111110001111110000000000000111100011110000000011111111110111111111110110111111111111111000000000
000000000111111111111111111100011111111111111111111100000000011111111111111110111111111110110111111111111111000000000
000000000111111111111111111111100000000000000000000101011111111111111111111110111111111110110111111111111111000000000
000000000011111111111111111111111111111111111111101111001111111111111111111110111111111110110111111111111111000000000
000000000111111111111111111111111111111111111111101111101111111111111111111111111111111110110111111111111111000000000
000000000011111111111111111111111111111111111111011111110111111111111111111111011111111110110111111111111111000000000
000000000011111111111111111111111111111111111111111111110111111111111111111111011111111110110111111111111111000000000
000000000011111111111111111111111111111111111110111111111000000000011111111111011111111110110111111111111111000000000
000000000011111111111111111111111111111111110011111111111111111110111111111111011111111110111111111111111111000000000
000000000011111111111111111111111111111111100111111111111111001101111111111111011111111100111111111111111111000000000
000000000011111111111111111111111111111100111111111111111000000011111111111111001111111100101111111111111111000000000
000000000111111111111111111111111111111001111111011111110010000111111111111111001111111100101111111111111111000000000
000000000111111111111111111111111111100111111111111111100000001111111111111111001111111100101111111111111111000000000
000000000011111111111111111111111110011111000001111111000000011111111111111111001111111100101111111111111111000000000
000000000111111111111111111111111101110001111110111111000000111111111111111111001111111100101111111111111111000000000
000000000111111111111111111111111000001111111110111111000011111111111111111111011111111100101111111111111111000000000
000000000111111111111111111111111001111111111110111111000111111111111111111111011111111101101111111111111111000000000
000000000111111111111111111111111111111111111110111111010111111111111111111111011111111101011111111111111111100000000
000000000111111111111111111111111111111111111110111111010111111111111111111111011111111001011111111111111111100000000
000000000111111111111111111111111111111111111101111111010011111111111111111111011111111001011111111111111111100000000
000000000111111111111111111111111111111111111011111111010000000000111111111111111111111001011111111111111111100000000
000000000011111111111111111111111111111111111011111111011111111100111111111110111111111011011111111111111111000000000
000000000011111111111111111111111111111111100111111111111111111101111111111110111111110011111111111111111111000000000
000000000011111111111111111111111111111111101111111111111100001011111111111110111111110011111111111111111111000000000
000000000011111111111111111111111111111111011111111111111011010111111111111101111111110010111111111111111111000000000
000000000011111111111111111111111111111110111111111111110000101111111111111001111111110010111111111111111111000000000
000000000011111111111111111111111111111001111000111111101000011111111111001111111111110010111111111111111111000000000
000000000001111111111111111111111111111011100000011111000010111111111100011111111111100100111111111111111111000000000
000000000001111111111111111111111111110111111111111111000001111111110011111111111111100101111111111111111110000000000
000000000001111111111111111111111111101111111100111111001011111111000111111111111111010101111111111111111110000000000
000000000001111111111111111111111111111000000110111111000011111100111111111111111111001111111111111111111110000000000
000000000001111111111111111111111111111111111110111111010011111001111111111111111100001011111111111111111110000000000
000000000001111111111111111111111111111111111110111111010111100111111111111110000000001011111111111111111110000000000
000000000001111111111111111111111111111111111110111111010110011111111111111100000001110111111111111111111110000000000
000000000001111111111111111111111111111111111110111111011001111111111111000000001100001111111111111111111110000000000
000000000001111111111111111111111111111111111110111111011111111111111100000001110011111111111111111111111110000000000
000000000001111111111111111111111111111111111110111111111111111110000000011100011111111111111111111111111100000000000
000000000000111111111111111111111111111111111110111111111111111000000001110001111111111111111111111111111100000000000
000000000000111111111111111111111111110000000000111111111110000000011000011111111111111111111111111111111100000000000
000000000000111111111111111111111111101000000001111111111000000001110011111111111111111111111111111111111100000000000
000000000000111111111111111111111111101111111111111110000000011000011111111111111111111111111111111111111100000000000
000000000000111111111111111111111111101111111111110000000011100011111111111111111111111111111111111111111100000000000
000000000000011111111111111111111111101111111110000000011000011111111111111111111111111111111111111111111100000000000
000000000000011111111111111111111111101111110000000011000011111111111111111111111111111111111111111111111000000000000
000000000000011111111111111111111111101110000000111000111111111111111111111111111111111111111111111111111000000000000
000000000000011111111111111111111111101100000111000001111111111111111111111111111111111111111111111111111000000000000
000000000000011111111111111111111111100111110000111111111111111111111111111111111111111111111111111111111000000000000
000000000000000111111111111111111111110011000111111111111111111111111111111111111111111111111111111111100000000000000
000000000000000000111111111111111111111111111111111111111111111111111111111111111111111111111111111100000000000000000
000000000000000000000011111111111111111111111111111111111111111111111111111111111111111111111111000000000000000000000
000000000000000000000000001111111111111111111111111111111111111111111111111111111111111111111000000000000000000000000
000000000000000000000000000001111111111111111111111111111111111111111111111111111111111111000000000000000000000000000
000000000000000000000000000000001111111111111111111111111111111111111111111111111111111000000000000000000000000000000
000000000000000000000000000000000000111111111111111111111111111111111111111111111110000000000000000000000000000000000
000000000000000000000000000000000000000111111111111111111111111111111111111111100000000000000000000000000000000000000
000000000000000000000000000000000000000000011111111111111111111111111111111100000000000000000000000000000000000000000
000000000000000000000000000000000000000000000011100000000000000000000111000000000000000000000000000000000000000000000
