000000000000000011111111111111111111111111111111110000000000000000011101111111111111111111111111111100000000000000000
000000000000000001100111111111111111111111111111000000000000000000000111111111111111111111111111111100000000000000000
000000000000000000000111111111111111111111111111000000000000000000000111111111111111111111111111100000000000000000000
000000000000000000001111111111111111111111111000000000000000000000000111111111111111111111111111100000000000000000000
000000000000000000001111111111111111111111110010000000000000000000000111111111111111111111111111100000000000000000000
000000000000000000001111111111111111111111100110000000000000000000000011111111111111111111111111100000000000000000000
000000000000000001111111111111111111111100011110000000000000000000000011111111111111111111111111111000000000000000000
000000000000000011111111111111111111111001111111000000000000000000000111111111111111111111111111111100000000000000000
000000000000000111111111111111111111110011111111111101111111111111111111111111111111111111111111111110000000000000000
000000000000001111111111111111111111001111111111111110111111111111111111111111111111111111111111111111000000000000000
000000000000011111111111111111111110011111111111111111011111111111111111111111111111111111111111111111100000000000000
000000000000111111111111111111111101111111111111111111101111111111111111111111111111111111111111111111110000000000000
000000000001111111111111111111110011111111111111111111110111111111111111111111111111111111111111111111111000000000000
000000000001111111111111111111101111111111111111111111111011111111111111111111111111111111111111111111111100000000000
000000000111111111111111111110011111111111110000001111111100111111111111111111111111111111111111111111111110000000000
000000001111111111111111111100111111111111000000110000001110011111111111111111111111111111111111111111111111000000110
001000011111111111111111111001111111111110000011111110000011001111111111111111111111111111111111111111111111100000100
001100111111111111111111110111111111111100000100000011111000100111111111111111111111111111111111111111111111110000100
001111111111111111111111101111111111110000010011111110011110010011111111111111111111111111111111111111111111111100100
001111111111111111111111011111111111100000001111111111110000100001111111111111111111111111111111111111111111111111100
001111111111111111111110111111111111000010011111111111111111100000111111111111111111111111110011111111111111111111100
000111111111111111111101111111111100000001111111111111111111111110111111111111111111111111001101111111111111111111100
000111111111111111111011111111111000011011111111111111111111111111111111111111111111111100111110111111111111111111100
000111111111111111110111111111110000100111111111111111111111111111111111111111111111111001111111011111111111111111000
000111111111111111101111111110000001011111111111111111111111111111111111000001111111100111111111100111111111111111000
000111111111111111011111111110000010111111111111111111111111111111111110111111011110011111111111110011111111111111000
000111111111111111011111111110000101111111111111111111111111111111111110111111110001111111111111111101111111111111000
000111111111111110111111111110001011111111111111111111111111111111111101111111111111110000000000001110111111111111000
000111111111111110111111111100010111111111111111111111111111111111111001111111111110000000000000000001011111111111000
000011111111111111111111111000101111111111111111111111111111111111100111111111111011001111111111111100101111111111000
000011111111111101111111111001011111111111111111100001111111100000011111111111110110100000000000000000001111111111000
000011111111111101111111110001011111111111111000111111100011111111100110000111100001011111111111111111111111111110000
000011111111111101111111110010111111111111100011111111111111111110000111111100000010111111111111111111111111111110000
000011111111111101111111100010111111111110000000011111111111110000010000011110000101111111111111111111111111111110000
000011111111111101111111100101111111111111111111110011111001100001001111100111111011111111111111111111111111111110000
000011111111111101111111100101111111111111111111111100111100000010011111111100000111111111111111111111111111111110000
000001111111111101111111100101111111111111111111111111001111001101111111111111111111111111111111111111111111111110000
000001111111111101111111100101111111111111111111111111110001100011111111111111111111111111111111111111111111111110000
000001111111111101111111111111111111111111111111111111111110001111111111111111110111111111111111111111111111111100000
000001111111111111111111111110111111111111111111111111111111111111111111111000111100011111111111111111111111111100000
000001111111111110111111111110111111111111111111111111111111111111111111000011111111001111111111111111111111111100000
000001111111111110111111111111011111111111111111111111111111111111110001111111111111100111111111111111111111111100000
000001111111111111011111111111101111111111111111111111111111111100001111111111111111111001111111111111111111111100000
000000111111111111011111111111100111111111111111111111111110000111111111111111111111111110111111111111111111111100000
000000111111111111101111111111110011111111111111111110000001111111111111111111111111111111011111111111111111111100000
000000000111111111101111111111111100000111000000000001111111111111111111100001111111111111101111111111111111000100000
000000000111111111110111111111111111110000001111111111111111111111111100000000111111111111101111111111111111000000000
000000000111111111111011111111111111111111111111111111111111111000000000011111111111111111101111111111111110000000000
000000000111111111111101111101111111111111111111111110111100000000000111111001111111111110101111111111111111000000000
000000000111111111111110011110000011111111000000000000000000001111110000001101111111111110100111111111111111000000000
000000000111111111111111000111100000000000000000000000001111111100000111111101111111111110100111111111111111000000000
000000000111111111111111111000111111111111111111111000000000001111111111111111111111111110100111111111111110000000000
000000000111111111111111111110000011111111100000001000011111111111111111111110111111111110100111111111111110000000000
000000000111111111111111111111111111111111111111101111011111111111111111111110111111111110100111111111111110000000000
000000000111111111111111111111111111111111111111011111101111111111111111111110111111111110101111111111111110000000000
000000000111111111111111111111111111111111111111011111101111111111111111111110111111111110101111111111111110000000000
000000000111111111111111111111111111111111111110011111110111111111111111111110011111111110101111111111111110000000000
000000000111111111111111111111111111111111111110111111110000000000111111111111011111111110101111111111111110000000000
000000000111111111111111111111111111111111111001111111111111111110111111111111011111111110101111111111111110000000000
000000000111111111111111111111111111111111000111111111111111001101111111111111011111111100101111111111111110000000000
000000000111111111111111111111111111111110011111111111111100001011111111111111011111111100101111111111111110000000000
000000000111111111111111111111111111111001111111111111111010000111111111111111011111111100101111111111111110000000000
000000000111111111111111111111111111100111111111111111100000001111111111111111011111111101101111111111111110000000000
000000000111111111111111111111111111011111000011111111000010011111111111111111011111111101101111111111111110000000000
000000000111111111111111111111111100111000011001111111000000111111111111111111011111111101101111111111111110000000000
000000000111111111111111111111111010001111111110111110000011111111111111111111011111111001111111111111111110000000000
000000000111111111111111111111110001111111111110111110000111111111111111111111011111111001111111111111111111000000000
000000000111111111111111111111111111111111111110111110010111111111111111111111011111111001011111111111111111000000000
000000000111111111111111111111111111111111111101111110010111111111111111111111011111111001011111111111111111000000000
000000000111111111111111111111111111111111111101111110010111111111111111111110011111111001011111111111111111000000000
000000000111111111111111111111111111111111111011111110010111111111111111111110111111111001011111111111111111000000000
000000000111111111111111111111111111111111111011111111111000000000111111111110111111111010111111111111111111000000000
000000000111111111111111111111111111111111110111111111111111111101111111111110111111110010111111111111111111000000000
000000000111111111111111111111111111111111101111111111111100001011111111111111111111110010111111111111111111000000000
000000000011111111111111111111111111111111011111111111111000010111111111111101111111110010111111111111111111000000000
000000000011111111111111111111111111111110111111111111110010101111111111111001111111100110111111111111111111000000000
000000000011111111111111111111111111111101111111111111100001011111111111100111111111100101111111111111111110000000000
000000000011111111111111111111111111111011100000011111010010111111111110011111111111100101111111111111111110000000000
000000000011111111111111111111111111110111100000111110010001111111111001111111111111100101111111111111111110000000000
000000000011111111111111111111111111101111111101111110000011111111000111111111111111000001111111111111111110000000000
000000000011111111111111111111111111110000000000111110010111111110011111111111111111001011111111111111111110000000000
000000000011111111111111111111111111111111111110111110010111111001111111111111111100001011111111111111111110000000000
000000000001111111111111111111111111111111111110111110010111100111111111111111100000011011111111111111111100000000000
000000000001111111111111111111111111111111111110111110010110011111111111111100000000110111111111111111111100000000000
000000000001111111111111111111111111111111111110111110010001111111111111100000000111001111111111111111111100000000000
000000000001111111111111111111111111111111111110111111111111111111111100000001110001111111111111111111111100000000000
000000000001111111111111111111111111111111111110111111111111111111100000000110001111111111111111111111111100000000000
000000000001111111111111111111111111111111111110111111111111111000000001110001111111111111111111111111111100000000000
000000000000111111111111111111111111111111111110111111111100000000001110001111111111111111111111111111111100000000000
000000000000111111111111111111111111100000000001111111111000000001110001111111111111111111111111111111111100000000000
000000000000111111111111111111111111101111111111111111000000001110001111111111111111111111111111111111111100000000000
000000000000111111111111111111111111111111111111111000000011100011111111111111111111111111111111111111111000000000000
000000000000111111111111111111111111011111111111000000001110001111111111111111111111111111111111111111111000000000000
000000000000111111111111111111111111011111110000100011000011111111111111111111111111111111111111111111111000000000000
000000000000111111111111111111111111011111000000001100001111111111111111111111111111111111111111111111111000000000000
000000000000111111111111111111111111011100000011000001111111111111111111111111111111111111111111111111111000000000000
000000000000011111111111111111111111101110011100011111111111111111111111111111111111111111111111111111111000000000000
000000000000011111111111111111111111100111000011111111111111111111111111111111111111111111111111111111110000000000000
000000000000000001111111111111111111111000111111111111111111111111111111111111111111111111111111111100000000000000000
000000000000000000001111111111111111111111111111111111111111111111111111111111111111111111111111100000000000000000000
000000000000000000000000111111111111111111111111111111111111111111111111111111111111111111111100000000000000000000000
000000000000000000000000000111111111111111111111111111111111111111111111111111111111111111000000000000000000000000000
000000000000000000000000000000011111111111111111111111111111111111111111111111111111111000000000000000000000000000000
000000000000000000000000000000000011111111111111111111111111111111111111111111111110000000000000000000000000000000000
000000000000000000000000000000000000001111111111111111111111111111111111111111110000000000000000000000000000000000000
000000000000000000000000000000000000000001111111111111111111111111111111111110000000000000000000000000000000000000000
000000000000000000000000000000000000000000001111111111111111111111111111000000000000000000000000000000000000000000000
111111111111111111111111111111111111111111111111110000000000000000011111111111111111111111111111111111111111111111111
