000000000000000000000000000000000000000000000001110000000000000000000111000000000000000000000000000000000000000000000
000000000000000000000000000000000000000000001111000000000000000000000011110000000000000000000000000000000000000000000
000000000000000000000000000000000000000011111110000000000000000000000001000011100000000000000000000000000000000000000
000000000000000000000000000000000000011111111111000000000000000000000000111111100100000000000000000000000000000000000
000000000000000000000000000000000111111111111111000000000000000000000011111111110111110000000000000000000000000000000
000000000000000000000000000000111111111111111111111111111111100001111111111111110111111110000000000000000000000000000
000000000000000000000000000111111111111111111111111111111111000111111111111110010111111111110000000000000000000000000
000000000000000000000001111111111111111111111111111111111000111111111111111110010111111111111111000000000000000000000
000000000000000000001111111111111111111111111111111111000111111111110000000000010111111111111111111000000000000000000
000000000000000001111111111111111111111111111111111001111111111111100000111111110111111111111111111111000000000000000
000000000000000011111111111111111111111111111111000111111111111111100001100011101111111111111111111111100000000000000
000000000000000011111111111111111111111111111001111111111111111111100101111111101111111111111111111111100000000000000
000000000000000011111111111111111111111111000111111111111111001111100001111111111111111111111111111111100000000000000
000000000000000011111111111111111111111000111111111111110000001111101011111111111111111111111111111111100000000000000
000000000000000011111111111111111111000111111111111111000000111111101011111111111111111111111111111111100000000000000
000000000000000011111111111111110001111111111111111100000010011111101011111111111111111111111111111111110000000000000
000000000000000111111111111111101111111111111111111000001001011111101011111111111111111111111111111111110000000000000
000000000000000111111111111111011111111111111111000000000111011111101011111111111111111111111111111111110000000000000
000000000000000111111111111111011111111111111110000001011111011111101011111111111111111111111111111111110000000000000
000000000000000111111111111110111111111111111000001000111111011111101011111111111111111111111111111111110000000000000
000000000000000111111111111110111111111111100000000011111111011111101100000000001111111111111111111111110000000000000
000000000000000111111111111110111111111110000001001111111110011111101111111111101111111111111111111111110000000000000
000000000000000111111111111101111111111000000110111111111100111111111111110001001111111111111111111111110000000000000
000000000000001111111111111101111111110000010011111111111001111111111111000000011111111111111111111111111000000000000
000000000000001111111111111101111111110001101111111111110011111111111110000000111111111111111111111111111000000000000
000000000000001111111111111101111111100010111111111111100111111111111110000001111111111111111111111111111000000000000
000000000000001111111111111001111111100101111111111111011111111111111100000011111111111111111111111111111000000000000
000000000000001111111111111011111111100101111111111110111100001111111000000111111111111111111111111111111000000000000
000000000000001111111111111011111111000101111111111101111111111111110000101111111111111111111111111111111000000000000
000000000000001111111111111011111111001011111111111000000000011111110001011111111111111111111111111111111000000000000
000000000000001111111111111011111111001011111111111111100000011111100010111111111111111111111111111111111000000000000
000000000000011111111111111111111111011011111111111111111111011111100010111111111111111111111111111111111100000000000
000000000000011111111111110111111111011011111111111111111111011111100101111111111111111111111111111111111100000000000
000000000000011111111111110111111111011111111111111111111111011111100101111111111111111111111111111111111100000000000
000000000000011111111111110111111110010111111111111111111111011111101101111111111110011111111111111111111100000000000
000000000000011111111111110111111110010111111111111111111110011111101101111111110000011111111111111111111100000000000
000000000000011111111111110111111110010111111111111111111100111111111101111100001100111111111111111111111100000000000
000000000000011111111111110111111110010111111111111111111001111111111110000001000011111111111111111111111100000000000
000000000000111111111111110111111110010111111111111111110011111111111111111100000111111111111111111111111100000000000
000000000000111111111111100111111110010111111111111111101111111111111110000000011111111111111111111111111110000000000
000000000000111111111111101111111110010111111111111111001111111111111000000001111111111111111111111111111110000000000
000000000000111111111111101111111110010111111111111110011100001111100000100011111111111111111111111111111110000000000
000000000000111111111111101111111111111111111111111100111111111111100001001111111111111111111111111111111110000000000
000000000000111111111111101111111111011111111111111000000000011111000000111111111111111111111111111111111110000000000
000000000000111111111111101111111111011011111111111111111111011111000011111111111111111111111111111111111110000000000
000000000000111111111111101111111111011011111111111111111111101110001011111111111111111111111111111111111110000000000
000000000000111111111111101111111111011011111111111111111111101110010111111111111111111111111111111111111110000000000
000000000001111111111111101111111111011011111111111111111111110110010111111111111111111111111111111111111111000000000
000000000001111111111111101111111111111011111111111111111111110110001111111110000011111111111111111111111111000000000
000000000001111111111111101111111111101101111111111111111111100011100000011111111111000011111111111111111111000000000
000000000001111111111111101111111111101101111111111111100000000111111111111111111111111100011111111111111111000000000
000000000001111111111111101111111111111101111111000001111111111111111111111111111111111111100111111111111111000000000
000000000001111111111111101111111111111111110000011111111111111111111111111111111111111111110011111111111111000000000
000000000001111111111111101111111111111110011111111111111111111111000000000000000001111111111101111111111111000000000
000000000011111111111111101111111111111111111111111111111111100000000000000000000000011111111110111111111111000000000
000000000011111111111111101111111111111111111111111111000000000000111111111111111111111111111111011111111111000000000
000000000011111111111111100111111111111111111111111000000000011111100000000000000001111111111111101111111111000000000
000000000011111111111111110111111111111111111100000000011111000000111111111111111110011111111111100111111111000000000
000000000011111111111111111011111111111111100000000111110000011111111111111111111111001111111111110111111111000000000
000000000011111111111111111100111111111000000001110000001111111111111111111111111111100111111111111011111111000000000
000000000011111111111111111110011110000000001110000011111111111111111111111111111111110111111111111011111111000000000
000000000011111111111111111111000111000001100001111111111111111111111111111111111111111011111111111011111111000000000
000000000011111111111111111111100011111110001111111111111111111111111111111111111111111011111111111101111111000000000
000000000011111111111111111111111100000001111111111111111111111111111111111111111111111101111111111101111111000000000
000000000111111111111111111111111111111111111111111111000000111111111111111111111111111101111111111101111111100000000
000000000111111111111111111111111111111111111111111100111111000111111111111111111111111101111111100101111111110000000
000000000111111111111111111111111111100011111111111001111111110011111111111111111111111101111111111101111111110000000
000000000111111111111111111111111111011110011111110011111111111100111111111111111111111101111111111111111111110000000
000000000111111111111111111111111110111111100011100111111111111111000111111100111111111101111111100111111111110000000
000000000111111111111111111111111101111111111110111100000000000000111100000011111111111101111111100101111111111000000
000000001111111111111111111111111011111111111111110000000111111100100000001111111111111011111111100101111111111000000
000000001111111111111110001111110111111111111000000111100000000000000001111111111111111111111111100101111111111000000
000000001111100000000000000000001111111111110000000000001111111110000111111111111111110111111111100101111111111000000
000000001111100111111111111111111111011111100001001111111111111111111111111111111111101111111111000101111111111000000
000000001111110111111111111111111000000011100010111111111111111111111111111111111111011111111111001011111111111000000
000000001111111001111111111110000001111100000101111111111111111111111111111111111110011111111110001011111111111000000
000000001111111100111111111100000000011111000101111111111111111111111111111111111100111111111110001011111111111100000
000000011111111110011111110000010001100011111001111111111111111111111111111111111001111111111100010111111111111100000
000000011111111111101111000000100111111000010011111111111111111111111111111111110011111111111000101111111111111100000
000000011111111111110111010010011111111111111111111111111111111111111111111111101111111111110000001111111111111100000
000000011111111111111011001001111111111111111111111111111111111111111111111111011111111111100001011111111111111100000
000000011111111111111101100011111111111111111111111101111111111111111111111100111111111111000010111111111111111100000
000000011111111111111110001111111111111111111111111000001111111111111111111001111111111110000101111111111111111100000
000000011111111111111111111111111111111111111111111100111000011111111111100111111111111100001011111111111111111100000
000000011111111111111111111111111111111111111111111110011111000011111111001111111111111000010111111111111111111110000
000000111111111111111111111111111111111111111111111111001111111110000100111111111111100000001111111111111111111110000
000000111111111111111111111111111111111111111111111111100111111111110001111111111111000000011111111111111111111110000
000000111111111111111111111111111111111111111111111111110011111111111111111111111110000100111111111111111111111110000
000000111111111111111111111111111111111111111111111111111001111111111111111111111000001001111111111111111111111110000
000000111111111111111111111111111111111111111111111111111100111111111111111111110010000111111111111111111111111110000
000000111111111111111111111111111111111111111111111111111110011111111111111111100101101111111111111111111111111110000
000000111111111111111111111111111111111111111111111111111111001111111111111110000000011111111111111111111111111110000
000001111111111111111111111111111111111111111111111111111111100111111111111100000100111111111111111111111111111110000
000000111111111111111111111111111111111111111111111111111111110011111111111000000011111111111111111111111111111110000
000000011111111111111111111111111111111111111111111111111111111001111111100000100111111111111111111111111111111000000
000000000111111111111111111111111111111111111111111111111111111100111110000000011111111111111111111111111111110000000
000000000111111111111111111111111111111111111111111111111111111110011100000100111111111111111111111111111111100000000
000000000011111111111111111111111111111111111111111111111111111111001100010011111111111111111111111111111111000000000
000000000001111111111111111111111111111111111111111111111111111111100111100111111111111111111111111111111110000000000
000000000000111111111111111111111111111111111111111111111111111111110000011111111111111111111111111111111100000000000
