000000000000011111111111111111111111111111111111111000000000000000011111111111111111111111111111111111111000000000000
000000000000111111111111111111111111111111111111110000000000000000001111111111111111111111111111111111111100000000000
000000000000111111111111111111111111111111111111110000000000000000001111111111111111111111111111111111111100000000000
000000000011111111111111111111111111111111111110000000000000000000000111111111111111111111111111111111111111000000000
000000000011111111111111111111111111111111111110000000000000000000000011111111111111111111111111111111111111100000000
000000000011111111111111111111111111111111111110000000000000000000000011111111111111111111111111111111111111110000000
000000011111111111111111111111111111111111111111000000000000000000000011111111111111111111111111111111111111111000000
000000011111111111111111111111111111111111111111100000000000000000000111111111111111111111111111111111111111111000000
000001111111111111111111100000000000111111111111000000000000000000000001111111111111111111111111111111111111111110000
000001111111111111111000111111111111100011111111000000000000000000000001011111111111111111111111111111111111111111000
000011111111111111000111111111111111111100011111000000000000000000000001101111111111111111111111111111111111111111000
001111111111111000111111111111111111111111100111100000000000000000000111110111111111111111111111111111111111111111110
001111111111111001111111111111111111111111110011111111111111100111111111111011111111111111111111111111111111111111111
001111111111110111111111111111110000000011111101111111111111101111111111111011111111111111111111111111111111111111110
001111111111110111111111100000000000000000011110111111111111011111111111111011111111111111111111111111111111111111110
001111111111110111111100100000111111111111111111011111111110111111111111101011111111111111111001111111111111111111110
000111111111110111111101001111100000000011111111101111111110111111111111101011111111111111100110111111111111111111110
000111111111111011111000000000011111111110011111110111111111111100000011101011111111111111011111011111111111111111110
000111111111111011111000011111111111111111101111110111111101111000000011101011111111111110111111111111111111111111110
000111111111111101111101111111111111111111110111111011111101110000011111001011111111111110111111101111111111111111110
000111111111111101111101111111111111111111110111111011111101110000000111001011111111111101111101101111111111111111110
000111111111111110111101101111111111111111110111111011111101100010111001101011111111111101111101101111111111111111100
000111111111111111011101101111111111111111110111111101111101100101111101101011111111111011111101101111111111111111100
000011111111111111011101101111111111111111101111111101111101100101111101111111111111110111111001101111111111111111100
000011111111111111101110101111111111111111101111101101111101100011111101111111111111110111111001011111111111111111100
000011111111111111110110110111111111111111101111100101111101101011111101010111111111101111111001011111111111111111100
000011111111111111110110010111111111111111011111100101111101101011111101010111111111011111110001011111111111111111100
000011111111111111111001010111111111111111011111100101111101111011111011110111111110011111100010111111111111111111000
000011111111111111111101010111111111111110011111100101111101111011110110010111111110111111100010111111111111111111000
000011111111111111111110101111111111111110111111001011111101111111101110101111111101111111000101111111111111111111000
000011111111111111111111000111111111111111111111001011111111111011011110101111111011111110000001111111111111111111000
000001111111111111111111000011111111111101111111001011111110111000111100101111110011111100101011111111111111111111000
000001111111111111111111100011111111111101111110011011111110111111111100101111100111111101010111111111111111111111000
000001111111111111111111110011111111111101111110010111111110111111111001101111101111111000100111111111111111111111000
000001111111111111111111111011111111111011111100010111111110111111111001011111011111110000101111111111111111111111000
000001111111111111111111111111111111111011111100001111111111011111111001011110111111100000011111111111111111111110000
000001111111111111111111111111111111111111111000101111111111011111111001011101111111000010111111111111111111111110000
000001111111111111111100000111111111110111111001011111111110011111110010111011111110110101111111111111111111111110000
000000111111111111110011111000111111110111111001011111111101111111100010100111111100101011111111111111111111111110000
000000111111111111001111111111000111110111111010111111110011111111101110001111111000010110000001100011111111111110000
000000111111111110111111111111110011110111111011011111101111100111100100011111111000001000111111111100111111111110000
000000111111111110111111111111111101111011111111011110011110000000100100111111111000001111111111111111011111111110000
000000111111111111011111111111111110011001111111111100111110000111100111111111111001111111111111111111101111111110000
000000111111111111101111111111111111001110111101100011111000000001111111111111111111111111111111111111110111111100000
000000111111111111110111111111111111100111011100110111111000101110011111111111111111111111100000000000110111111100000
000000001100111111111001110001111100110111100111111111100000011111101111111111111111100000000001111110011000100000000
000000000000011111111100111100000000010111111011111111100000011111101111111111111110000000111111111111111000000000000
000000000000011111111111001111111111100111111011111111000000111111011111111111111000000110000000000000000000000000000
000000000000011111111111110001111110001111110111111110000001111110011111111111110000001000111111111111111000000000000
000000000000011111111111111111000001111111011111111100000011111110111111111111100000000111111111111111111000000000000
000000000000011111111111111111111111111110111111111000000111111101111111111110000010011111111111111111111000000000000
000000000000011111111111111111111111111001111111111000001111111101111111111100000001111111111111111111111000000000000
000000000000011111111111111111111111110111111111111001011111111101110111111000000011111111111111111111111000000000000
000000000000011111111111111111111111001111111111111001011111111101111001111010000111111111111111111111111000000000000
000000000000011111111111111111111110011111111111111001011111111110011111110000001111111111111111111111111000000000000
000000000000011111111111111111111001111111111111111001011111111111100011100000011111111111111111111111111000000000000
000000000000011111111111111111110011111111111000011001011111111111110011000000111111000111111111111111111000000000000
000000000000011111111111111111001111111111110000011001011111111111101111000101111001111011111111111111111000000000000
000000000000011111111111111110011111111111100000111111011111111111011110001011110011111101111111111111111000000000000
000000000000011111111111111001111111111110000000111111111111111110111100010111100111101101111111111111111000000000000
000000000000011111111111110011111111111110000000111101111111111101111000000111101111001001111111111111111000000000000
000000000000011111111111001111111111111000000010111101111111111011111000101111011110001011111111111111111000000000000
000000000000011111111110011111111111110000000110111101111111110111110001011110011110001011111111111111111000000000000
000000000000011111111001111111111111100001001110111101111111100111110000011110111100010111111111111111111000000000000
000000000000011111110011111111111111000010111110111101111111101111110010111111111000010111111111111111111000000000000
000000000000011111101111111111111100000101111110111101111111101111110010111101111000101111111111111111111000000000000
000000000000011111011111111111111000001011111111111101111111011111110111111101110001001111111111111111111000000000000
000000000110111110111111111111110000000111111101111101111111111110100111111101110001011111111111111111111101100000000
000000000111111110011101111111000000001111111101111101111111101111100101111011110010000000011111111111111111100000000
000000000111111111001110000000000000111111111101111101111111110011110101111011110010111111100111111111111111100000000
000000000011111111100111100000001001111111111101111101111111111000011101111011110111111111111011111111111111100000000
000000000011111111111000011111100011111111111101111001111111111111100001111111111111111111111101111111111111100000000
000000000011111111111111000000001111111111111101111001011111111111111111110111111111111000000110111111111111100000000
000000000011111111111111111111111111111111111011111001011111111111111111110111111000000000000011011111111111000000000
000000000011111111111111111111111111111111111011111001011111111111111110000111000000000111111111011111111111000000000
000000000011111111111111111111111111111111111011111001011111111111110011111100000011100000000000111111111111000000000
000000000011111111111111111111111111111111111111111001011111111111000111101000001110000111111111111111111111000000000
000000000001111111111111111111111111111111110111111001011111111100111110000001100011111111111111111111111111000000000
000000000001111111111111111111111111111111110111111001011111110011111000000110011111111111111111111111111111000000000
000000000001111111111111111111111111111111110111111001011111101111000000100011111111111111111111111111111111000000000
000000000001111111111111111111111111111111101111111001011111101111000010001111111111111111111111111111111111000000000
000000000001111111111111111111111111111111101111111001011111110111110001111001111111111111111111111111111110000000000
000000000001111111111111111111111111111111101111111001011111111000000111100000011111111111111111111111111110000000000
000000000000111111111111111111111111111111011111111001011111111111111111011111101111111111111111111111111110000000000
000000000000111111111111111111111111111111011111111001011111111111111111011111110111111111111111111111111110000000000
000000000000111111111111111111111111111111011111111001011111111111111111011111111011111111111111111111111110000000000
000000000000111111111111111111111111111110111111111001011111111111111111011111111011111111111111111111111110000000000
000000000000111111111111111111111111111110111111111001011111111111111111011111111011111111111111111111111100000000000
000000000000111111111111111111111111111110111111111001011111111111111111101111111101111111111111111111111110000000000
000000000000111111111111111111111111111111111111111001011111111111111111101111111101111111111111111111111100000000000
000000000000111111111111111111111111111110111111111001011111111111111111100111111101111111111111111111111100000000000
000000000000011111111111111111111111111110111111111111111111111111111111110111111111111111111111111111111100000000000
000000000000011111111111111111111111111110111111111111101111111111111111111011111111111111111111111111111100000000000
000000000000011111111111111111111111111111011111111111101111111111111111111011110110111111111111111111111100000000000
000000000000011111111111111111111111111111101111111111100111111111111111111101110110111111111111111111111100000000000
000000000000011111111111111111111111111111100111111111110111111111111111111100110110111111111111111111111100000000000
000000000000011111111111111111111111111111110111111111111011111111111111111110011010111111111111111111111000000000000
000000000000001111111111111111111111111111111001111111111001111111111111111111001010111111111111111111110000000000000
000000000000000000111111111111111111111111111100111100111100111111111111111111100110111111111111111110000000000000000
000000000000000000000111111111111111111111111111001111000010011111111111111111110010111111111111100000000000000000000
000000000000000000000000011111111111111111111111100111110001011111111111111111111100111111111100000000000000000000000
000000000000000000000000000011111111111111111111111000011100011111111111111111111111111111100000000000000000000000000
000000000000000000000000000000001111111111111111111110000000011111111111111111111111111000000000000000000000000000000
000000000000000000000000000000000001111111111111000000000000000000000011111111111111000000000000000000000000000000000
000000000000000000000000000000000000001111111111000000000000000000000011111111110000000000000000000000000000000000000
000000000000000000000000000000000000000000111111000000000000000000000011111110000000000000000000000000000000000000000
000000000000000000000000000000000000000000000111100000000000000000000111110000000000000000000000000000000000000000000
000000000000001111111111111111111111111111111111110000000000000000001111111111111111111111111111111111110000000000000