000000000000111111111111111111111111111111111111110000000000000000001111111111111111111111111111111111111100000000000
000000000011111111111111111111111111111111111111000000000000000000001111111111111111111111111111111111111111000000000
000000000111111111111111111111111111111111111110000000000000000000000111111111111111111111111111111111111111000000000
000000000111111111111111111111111111111111111110000000000000000000000011111111111111111111111111111111111111110000000
000000011111111111111111111111111111111111111111000000000000000000000011111111111111111111111111111111111111111000000
000000011111111111111111111111111111111111111111000000000000000000000111111111111111111111111111111111111111111000000
000001111111111111111111000000000000111111111111000000000000000000000001111111111111111111111111111111111111111110000
000011111111111111110001111111111111100011111111000000000000000000000010011111111111111111111111111111111111111111000
000011111111111111000111111111111111111100011111000000000000000000000011101111111111111111111111111111111111111111000
001111111111111100111111111111111111111111101111000000000000000000000111110111111111111111111111111111111111111111110
001111111111111011111111111111111111111111110011111111111111101111111111110111111111111111111111111111111111111111110
001111111111110111111111111111100000000111111101111111111111001111111111111011111111111111111111111111111111111111110
001111111111110111111111000000000000000000011110111111111111011111111111111011111111111111111111111111111111111111110
001111111111110111111100000001111111111111101111011111111110111111111111111011111111111111110011111111111111111111110
001111111111110111111001001111111000000111111111101111111110111111111111001011111111111111001100111111111111111111110
001111111111111011111010000000011111111110011111111111111101111100000111001011111111111111111111011111111111111111110
000111111111111011111000011111111111111111101111110111111101111000000101001011111111111110111111011111111111111111100
000111111111111011111001011111111111111111111111110011111101110000111111001011111111111100111111011111111111111111100
000111111111111101111101011111111111111111110111111011111111110001000111001011111111111101111101101111111111111111100
000111111111111110111101011111111111111111111111111011111111100000111011001111111111111011111101001111111111111111100
000111111111111110111101101111111111111111101111111011111011000101111101110111111111111011111001011111111111111111100
000111111111111111011101101111111111111111101111111111111011001111111101110111111111110111111001011111111111111111100
000111111111111111101100101111111111111111101111101111111011001011111101110111111111101111111001011111111111111111100
000111111111111111100100101111111111111111011111101101111011001011111101010111111111101111110001011111111111111111100
000111111111111111110110111111111111111111011111101101111111001011111011010111111111011111110010111111111111111111000
000011111111111111111011010111111111111111111111001111111111110111111011111111111110111111100010111111111111111111000
000011111111111111111101010111111111111110111111001011111101110111110110111111111101111111000101111111111111111111000
000011111111111111111110000111111111111110111111001011111101110111101100101111111101111111000101111111111111111111000
000011111111111111111110100111111111111101111111001011111101110111011100101111111011111110001011111111111111111111000
000011111111111111111111010111111111111101111110001011111101111000111100101111110111111100000111111111111111111111000
000011111111111111111111100111111111111111111110010111111110111111111101011111101111111001010111111111111111111111000
000001111111111111111111110011111111111011111100010111111110111111111001011111011111110000101111111111111111111110000
000001111111111111111111111011111111111011111100011111111110111111111001011110011111110001011111111111111111111110000
000001111111111111111111111111111111111011111000101111111110111111110011011100111111100010011111111111111111111110000
000001111111111111111111111111111111110111111000001111111111011111110010111001111111000000111111111111111111111110000
000001111111111111111100000111111111110111110001011111111110111111110010110011111110100001111111111111111111111110000
000001111111111111100011111000111111110111110011111111111001111111100010100111111100000011111111111111111111111110000
000001111111111110001111111111001111110111110010111111110111111111100100001111111000000110000001000011111111111110000
000001111111111110111111111111110111110111110010111111001111111111100100011111111000000000111111111100111111111110000
000000111111111110111111111111111101110011111111011110011110000000001001111111111000001111111111111111011111111100000
000000111111111110111111111111111110111001111111011101111100000111101111111111111011111111111111111111001111111100000
000000111111111111001111111111111111011100111001100011111000000001111111111111111111111111111111111111101111111100000
000000111111111111100111111111111111101111011100101111110000101100111111111111111111111111000000000000110111111100000
000000001100111111111011110001111000111111100111111111100000011111001111111111111111100000000001111110010001100000000
000000000000011111111100111100000000110111110011111111000010111111101111111111111110000000111111111111110000000000000
000000000000011111111111001111111111101111111011111110000001111111011111111111111000000110000000000000000000000000000
000000000000011111111111110011111110011111100111111100000011111110111111111111110000011001111111111111110000000000000
000000000000011111111111111110000001111111011111111000000111111100111111111111000000000111111111111111111000000000000
000000000000011111111111111111111111111100111111111000000111111101111111111110000010111111111111111111110000000000000
000000000000011111111111111111111111111011111111111000001111111101111111111100100001111111111111111111110000000000000
000000000000011111111111111111111111100111111111111001011111111101110111111000010011111111111111111111110000000000000
000000000000011111111111111111111111001111111111111011011111111101111001110010101111111111111111111111110000000000000
000000000000011111111111111111111110111111111111111011011111111110111111100001011111111111111111111111110000000000000
000000000000011111111111111111111001111111111111111011011111111111000111000010111111111111111111111111110000000000000
000000000000011111111111111111110111111111111000111011011111111111110111000101111111001111111111111111110000000000000
000000000000011111111111111111001111111111100000011011011111111111101110001011111001110011111111111111110000000000000
000000000000011111111111111110011111111111000001111011011111111111011110000011110111111011111111111111110000000000000
000000000000011111111111111001111111111110000000111111011111111100111100010111101111001111111111111111110000000000000
000000000000011111111111110111111111111100000000111101011111111001111000101111011111001011111111111111110000000000000
000000000000011111111111001111111111111000000110111101011111111011110000011111011110001011111111111111110000000000000
000000000000011111111110111111111111110000101110111101011111110111110001011110111110010111111111111111110000000000000
000000000000011111111001111111111111100001011110111101011111101111110000111110111100010111111111111111110000000000000
000000000000011111110111111111111111000010111110111101011111101111110010111101111000101111111111111111111000000000000
000000000000011111001111111111111100000001111100111101011111011111110101111101111000101111111111111111111000000000000
000000000000011110011111111111111000000011111101111101011111011111100101111111110001011111111111111111111000000000000
000000000100111110111111111111110000100111111101111101011111011110100101111011110010111111111111111111111101100000000
000000000111111110111101111111000001001111111101111101011111101110000101111011100010000000011111111111111111100000000
000000000111111111011110000000000000111111111101111001011111110111110101111011100100111111100111111111111111100000000
000000000111111111101111100000001001111111111111111001011111111000111101110011100111111111110011111111111111100000000
000000000011111111111000111111100111111111111011111001011111111111000001110111111111111111111101111111111111000000000
000000000011111111111110000000011111111111111011111011011111111111111111110111111111111000001110111111111111000000000
000000000011111111111111111111111111111111111011111011011111111111111111100111110000000000000010111111111111000000000
000000000011111111111111111111111111111111111011111011011111111111111110001111000000000111111111111111111111000000000
000000000011111111111111111111111111111111110011111011011111111111110011111100000011100000000000111111111111000000000
000000000011111111111111111111111111111111110111111011011111111110001111110000011100001111111111111111111111000000000
000000000011111111111111111111111111111111110111111011011111111000111100000011000011111111111111111111111111000000000
000000000011111111111111111111111111111111110111111011011111110011110000001100011111111111111111111111111110000000000
000000000001111111111111111111111111111111101111111011011111011111000001100011111111111111111111111111111110000000000
000000000001111111111111111111111111111111101111111011011111001111000100001111111111111111111111111111111110000000000
000000000001111111111111111111111111111111101111111011011111100111110001111001111111111111111111111111111110000000000
000000000001111111111111111111111111111111001111111011011111110000000111100000011111111111111111111111111110000000000
000000000001111111111111111111111111111111011111111011011111111111111111011111101111111111111111111111111110000000000
000000000001111111111111111111111111111111011111111011011111111111111111011111110111111111111111111111111110000000000
000000000001111111111111111111111111111110111111111011011111111111111111111111110111111111111111111111111110000000000
000000000000111111111111111111111111111110111111111011011111111111111111011111111011111111111111111111111100000000000
000000000000111111111111111111111111111110111111111011011111111111111111011111111011111111111111111111111100000000000
000000000000111111111111111111111111111101111111111011011111111111111111011111111111111111111111111111111100000000000
000000000000111111111111111111111111111101111111111011011111111111111111101111111101111111111111111111111100000000000
000000000000111111111111111111111111111101111111111011011111111111111111101111101101111111111111111111111100000000000
000000000000111111111111111111111111111110111111111011011111111111111111110111101101111111111111111111111100000000000
000000000000111111111111111111111111111110111111111111011111111111111111110111111101111111111111111111111000000000000
000000000000011111111111111111111111111111011111111111101111111111111111111011110101111111111111111111111000000000000
000000000000011111111111111111111111111111011111111111101111111111111111111101110100111111111111111111111000000000000
000000000000011111111111111111111111111111101111111111110111111111111111111100110100111111111111111111111000000000000
000000000000011111111111111111111111111111110111111111110011111111111111111110110010111111111111111111111000000000000
000000000000001111111111111111111111111111111011110111111011111111111111111111011010111111111111111111110000000000000
000000000000000001111111111111111111111111111100111100111101111111111111111111101010111111111111111110000000000000000
000000000000000000000111111111111111111111111110011110000110111111111111111111110010111111111111100000000000000000000
000000000000000000000000111111111111111111111111100111100011011111111111111111111000111111111100000000000000000000000
000000000000000000000000000011111111111111111111111000011000011111111111111111111111111111100000000000000000000000000
000000000000000000000000000000011111111111111111111110000000111111111111111111111111111000000000000000000000000000000
000000000000000000000000000000000001111111111111000000000000000000000011111111111111000000000000000000000000000000000
000000000000000000000000000000000000001111111110000000000000000000000011111111110000000000000000000000000000000000000
000000000000000000000000000000000000000000111111000000000000000000000011111110000000000000000000000000000000000000000
000000000000000000000000000000000000000000000111000000000000000000000111100000000000000000000000000000000000000000000
